585(37)014-67-37731	7(80)715-42-84	727972	727972
0(69)284-22-15073	453(0298)906-28-93	36549	36549
06(97)432-70-00221	0(59)073-61-54	16718	16718
9(61)042-29-29289	48(86)169-65-92	9221061	9221061
296(3991)013-23-51523	822(22)247-98-30	8878046	8878046
27(4694)838-03-47747	76(6862)880-44-97	140317	140317
570(9341)643-81-02807	8(5028)424-40-84	518016	518016
815(4961)309-00-70412	51(10)308-20-36	66747	66747
7(7687)776-45-70510	0(9059)367-51-16	151086	151086
3(533)306-82-91968	614(4684)933-96-00	27585	27585
55(231)987-49-75321	097(808)846-00-67	906469	906469
570(488)089-84-44967	0(674)834-13-01	85630	85630
4(8218)712-88-76940	81(562)585-95-60	929509	929509
238(27)714-49-58630	3(28)930-87-49	21977	21977
205(242)024-00-74887	5(53)999-16-40	266405	266405
34(8863)377-19-87311	3(836)680-58-35	139038	139038
12(6383)724-26-90487	00(166)095-98-76	313644	313644
505(14)872-03-42106	8(6370)868-91-62	6676515	6676515
436(8928)766-51-70485	337(4361)573-34-06	83899	83899
73(8631)376-81-24927	9(66)649-53-02	2873675	2873675
154(0551)465-29-40672	75(4447)616-35-08	1945320	1945320
19(90)495-27-77267	71(070)452-99-21	84097	84097
297(6395)025-25-71562	96(410)263-80-89	3372751	3372751
124(020)889-07-77317	469(6699)510-44-11	931898	931898
981(072)384-20-76378	87(9702)415-20-37	4427385	4427385
97(97)654-72-47062	25(95)003-05-82	4562050	4562050
3(463)936-57-34231	204(02)275-32-83	87028	87028
29(941)754-82-60514	50(1277)888-84-60	352307	352307
4(181)552-88-33030	8(59)713-47-76	3556038	3556038
8(75)239-93-50885	12(10)471-96-97	8694	8694
9(379)977-31-86284	33(426)187-32-10	734184	734184
69(83)767-75-52856	861(83)278-37-42	1711950	1711950
2(113)456-07-55114	95(5001)296-52-85	144206	144206
9(5652)087-83-40501	6(27)673-36-60	97813	97813
301(6261)732-02-05958	9(043)536-45-61	586704	586704
66(50)555-72-98485	8(70)934-09-23	8503540	8503540
47(205)268-11-76847	8(39)994-24-95	8530934	8530934
4(909)395-77-03277	4(86)679-74-90	2386446	2386446
73(0971)470-85-33923	001(304)046-98-84	27062	27062
968(365)925-40-82089	452(398)688-17-90	7483	7483
0(002)455-68-46531	922(36)306-39-57	36856	36856
066(9139)599-52-09211	920(694)535-61-47	297576	297576
574(69)129-02-66258	391(2866)398-96-68	4712286	4712286
59(48)686-99-77552	645(931)883-25-26	84322	84322
115(35)629-87-84275	43(2041)302-06-19	699568	699568
624(935)102-37-35368	6(868)867-29-34	5500607	5500607
951(3978)539-26-37573	89(6190)343-54-97	298857	298857
9(531)854-75-32726	24(0079)371-31-69	979058	979058
048(888)261-99-39382	586(7700)366-34-95	4351367	4351367
70(27)504-86-08094	869(580)934-52-40	710840	710840
824(95)899-18-17528	1(8879)166-40-60	2567360	2567360
053(92)018-96-77928	569(27)675-13-75	90703	90703
786(7859)023-82-82375	86(75)651-22-63	54909	54909
8(072)510-39-72649	623(146)626-13-09	703975	703975
99(0139)228-07-98396	476(416)773-94-68	9047744	9047744
71(7575)307-89-68081	9(41)003-37-46	34052	34052
2(204)023-08-98076	352(18)357-13-00	16073	16073
41(821)285-26-62905	788(0286)806-64-34	447346	447346
4(078)589-55-51075	970(66)145-44-61	47213	47213
975(50)177-18-21372	5(9527)662-33-76	549306	549306
6(643)094-06-99665	655(612)266-71-39	171787	171787
262(405)266-08-66221	89(411)889-12-77	31454	31454
41(921)285-86-84929	3(59)620-99-67	78309	78309
721(823)857-01-21613	9(685)272-95-09	7516572	7516572
065(424)178-14-03985	274(07)065-36-43	80380	80380
3(814)465-50-36692	14(801)041-34-63	4988	4988
1(9348)888-77-30188	36(89)672-22-69	962938	962938
2(6832)684-61-58841	939(774)153-28-79	397453	397453
3(1159)801-78-49618	1(83)757-58-07	337178	337178
366(12)602-12-55966	05(44)111-02-63	21104	21104
66(670)201-38-06579	41(637)692-17-80	67616	67616
934(55)002-77-74411	649(73)457-55-92	203175	203175
2(437)184-75-34568	470(3379)622-40-22	298697	298697
24(3420)057-16-94247	62(4538)046-06-65	107187	107187
2(9665)007-86-92627	64(0260)833-95-65	55167	55167
308(7057)822-94-18073	8(647)570-27-78	879863	879863
8(861)970-75-47435	1(786)569-40-23	92991	92991
83(7526)440-27-10207	89(7351)178-19-68	5272902	5272902
86(84)311-67-65162	994(8074)687-92-37	67748	67748
886(27)094-39-26797	1(566)844-94-08	263504	263504
33(5462)137-40-52785	0(7767)041-92-01	9799172	9799172
36(894)619-38-27882	83(3930)149-18-09	548515	548515
03(400)633-49-88526	0(8845)505-52-66	96353	96353
76(96)782-56-50786	504(9894)341-25-13	166615	166615
9(7510)098-62-52914	91(478)845-10-29	856637	856637
795(213)116-83-56117	24(233)361-58-67	82280	82280
2(0152)728-10-50623	2(4611)209-81-90	9049029	9049029
39(590)529-38-02580	5(22)945-47-63	50172	50172
15(789)035-60-10965	83(980)765-08-89	8017981	8017981
57(2713)795-40-94262	1(67)478-23-32	7854804	7854804
65(736)759-10-58076	1(57)897-43-89	1199017	1199017
8(8264)746-65-42755	580(1640)489-76-90	8787552	8787552
64(72)168-88-30629	8(2064)281-60-74	90371	90371
831(872)250-81-74582	65(71)862-66-03	615220	615220
634(229)912-89-69547	05(884)238-04-51	86289	86289
803(8472)557-18-17046	9(8505)843-10-01	7784307	7784307
37(261)260-04-04498	62(1086)094-14-92	84668	84668
79(8859)921-94-81002	9(438)806-21-43	723239	723239
75(4233)005-48-53739	1(26)680-01-36	269160	269160
489(744)442-82-88701	5(8785)135-04-22	2450567	2450567
4(20)059-89-95374	66(8805)736-74-94	59385	59385
583(277)069-76-18021	426(01)259-29-15	8222	8222
8(58)485-86-97180	81(604)625-20-01	4875359	4875359
185(81)673-57-56848	86(4876)911-10-26	956121	956121
38(1367)491-47-33251	08(79)957-57-75	81205	81205
78(03)696-17-04596	235(8364)556-76-84	14467	14467
542(34)078-33-06087	9(37)967-72-44	15652	15652
1(713)933-53-04847	461(5921)870-44-63	58146	58146
823(9123)940-75-23337	921(032)099-54-60	78504	78504
2(58)622-09-19258	8(7829)062-40-97	11651	11651
7(59)908-42-17699	900(04)745-60-03	739059	739059
057(197)992-14-13228	2(09)282-35-47	18232	18232
3(2125)012-00-35777	45(365)690-44-61	18133	18133
407(298)316-13-00622	64(866)697-82-23	34819	34819
5(38)319-19-69377	8(6302)697-73-23	57544	57544
066(971)111-73-49972	70(3869)283-11-64	38234	38234
060(89)724-40-51690	4(77)059-93-63	685718	685718
12(343)836-65-57257	08(08)956-68-50	51053	51053
4(768)643-33-47572	664(0658)649-68-69	53283	53283
165(92)574-72-27665	68(7746)031-53-01	3411350	3411350
5(0913)608-33-65015	5(0159)130-72-77	1949687	1949687
3(51)339-09-66313	46(137)771-83-59	91445	91445
0(641)241-90-10524	54(650)719-89-15	8326900	8326900
756(95)827-13-15461	793(16)936-12-06	17673	17673
891(00)218-46-72243	5(59)193-81-27	7874517	7874517
0(022)547-01-99980	4(71)034-72-31	309697	309697
9(52)468-29-16226	449(54)040-23-31	1461726	1461726
281(452)614-60-48953	58(914)444-82-62	622198	622198
8(8798)611-29-31086	57(4838)431-76-48	4346900	4346900
11(25)297-25-04383	9(8982)374-10-14	8686912	8686912
7(93)062-48-23484	61(197)023-19-06	50150	50150
17(00)826-87-96014	254(42)551-07-11	706951	706951
0(4157)399-78-43014	6(2902)039-45-84	98982	98982
1(940)204-21-94289	5(7982)287-48-45	7973749	7973749
46(76)553-95-53778	6(89)918-95-84	922272	922272
28(499)182-47-18288	6(2260)524-70-22	392148	392148
585(15)783-46-97531	779(982)740-70-81	7770493	7770493
28(1009)911-71-65767	5(47)492-74-98	5025341	5025341
2(060)572-98-71743	17(97)959-13-32	933770	933770
531(422)883-55-57063	3(25)294-93-31	5144228	5144228
3(8686)049-33-46491	7(94)773-44-30	93218	93218
175(0056)621-66-15391	43(6407)540-58-08	432743	432743
966(910)011-18-61966	1(0394)610-15-31	7675849	7675849
42(6957)876-57-22123	856(072)377-85-76	94160	94160
6(275)461-02-75452	967(61)230-38-45	536442	536442
10(9745)776-91-76504	213(1109)772-34-90	7555917	7555917
2(7390)446-69-77774	58(1984)881-33-96	920708	920708
2(9058)357-39-86859	34(445)221-67-06	4991373	4991373
502(79)566-21-85185	5(974)286-09-04	6738041	6738041
670(54)301-99-84015	693(68)177-48-41	317773	317773
142(1580)086-75-47891	044(310)488-48-89	5184348	5184348
3(12)062-22-03630	491(500)771-51-34	312084	312084
899(9867)042-96-22845	7(8109)581-96-09	604104	604104
4(36)300-60-95085	58(9470)572-19-65	75599	75599
7(71)231-86-47097	3(145)809-90-60	17008	17008
11(44)513-57-43251	158(4264)126-32-29	5297054	5297054
22(556)101-20-97100	63(1979)690-29-94	248687	248687
42(66)300-55-29843	83(0944)715-04-45	6301923	6301923
00(1194)912-91-84400	8(27)177-17-00	6375371	6375371
7(180)095-42-94376	445(4678)952-46-68	71159	71159
70(628)470-87-19561	7(4945)122-82-25	421018	421018
68(539)331-10-59115	715(72)726-96-26	10129	10129
92(6364)691-73-75729	43(92)438-76-79	9354927	9354927
120(31)329-85-91354	276(290)987-68-39	99156	99156
096(0337)107-81-08449	94(2309)475-04-50	9991002	9991002
7(26)170-71-07067	371(620)172-01-25	18371	18371
9(88)960-06-95187	6(304)999-40-40	16669	16669
094(1288)864-53-54533	1(739)599-77-17	693080	693080
397(669)566-66-13832	420(53)050-95-49	7969690	7969690
603(57)029-49-24771	591(6580)798-51-54	1924378	1924378
68(35)960-80-24737	74(377)372-82-28	44392	44392
954(7347)844-99-08034	106(5486)747-99-14	26160	26160
30(1196)246-19-01646	610(847)758-94-60	5684852	5684852
14(5485)897-53-82491	39(7750)084-99-97	4531199	4531199
7(546)472-83-60855	08(8274)229-79-91	459815	459815
3(62)473-39-83190	9(06)017-86-78	471572	471572
55(19)383-98-25359	45(244)195-42-41	152811	152811
21(699)983-08-46398	4(334)914-18-37	523122	523122
88(7185)399-24-14083	23(79)249-43-49	818342	818342
827(36)095-85-46318	80(2415)550-97-93	1337513	1337513
6(56)703-11-25018	55(6380)299-63-82	39514	39514
314(1450)973-05-57703	9(44)026-53-62	37499	37499
743(5546)251-49-05456	9(8465)453-74-34	80533	80533
53(5832)366-00-90554	279(74)849-50-21	1514294	1514294
3(7417)710-36-57415	5(04)793-24-70	75265	75265
320(81)816-36-86350	047(17)811-76-03	920294	920294
25(46)123-53-93713	259(5021)150-62-05	3372	3372
958(6413)869-92-15462	52(601)123-82-64	239698	239698
7(428)554-93-44121	14(75)947-55-37	6194	6194
44(3182)088-60-94446	91(17)293-31-61	338803	338803
7(82)176-30-89539	36(4122)722-57-78	37748	37748
581(8985)894-26-79962	27(394)134-55-17	62182	62182
7(81)615-00-46855	447(6024)463-13-16	2836	2836
543(230)974-84-69178	93(97)117-66-84	99835	99835
84(7226)968-64-13957	695(255)762-42-83	267857	267857
04(383)650-08-84666	466(0106)266-69-52	6965373	6965373
㐲㈵㔴㈉㔴㐲व㐲㈵㔴㈉㔴㐲व਍㐲㈵㔴㌱㈉㔴㐲ㄵळ㐲㈵㔴㌱㈉㔴㐲ㄵळ਍杤晤ㄲ搉杦搉杦搉杦ഉ㐊㘵㔴㐰㐉㘵㔴㐰㐉㘵㔴㐰㐉㘵㔴㐰ഉ㘊㘶श㘶㘶㘉㘶श㘶㘶ഉ
