280(67)613-22-98117	13(4967)466-92-18	288	90
7(96)679-65-38457	3(081)983-12-82	421	102
63(29)616-50-87784	14(8995)793-49-56	172	772
9(25)345-13-00110	33(282)865-71-15	915	652
990(112)954-01-11044	198(5060)678-81-34	169	114
280(9380)903-99-33145	60(5383)311-56-16	211	58
3(64)764-20-05813	952(2248)261-61-63	941	665
528(29)188-49-30172	3(5225)370-08-67	397	653
155(9780)726-58-84903	298(233)694-20-05	286	568
12(617)349-06-55343	4(966)202-30-00	598	316
726(66)216-66-98157	28(94)150-45-15	658	811
724(2095)206-27-89845	07(84)954-65-15	281	353
775(352)104-93-87597	90(28)131-28-17	923	28
0(16)952-79-86762	32(3002)120-68-67	741	833
9(3593)968-72-74285	27(204)187-46-92	488	971
58(011)987-50-85910	2(065)902-11-80	740	306
40(370)562-77-12793	1(6141)423-54-25	367	725