585(37)014-67-37731	7(80)715-42-84	727972	727972
0(69)284-22-15073	453(0298)906-28-93	36549	36549
06(97)432-70-00221	0(59)073-61-54	16718	16718
9(61)042-29-29289	48(86)169-65-92	9221061	9221061
296(3991)013-23-51523	822(22)247-98-30	8878046	8878046
27(4694)838-03-47747	76(6862)880-44-97	140317	140317
570(9341)643-81-02807	8(5028)424-40-84	518016	518016
815(4961)309-00-70412	51(10)308-20-36	66747	66747
7(7687)776-45-70510	0(9059)367-51-16	151086	151086
3(533)306-82-91968	614(4684)933-96-00	27585	27585
55(231)987-49-75321	097(808)846-00-67	906469	906469
570(488)089-84-44967	0(674)834-13-01	85630	85630
4(8218)712-88-76940	81(562)585-95-60	929509	929509
238(27)714-49-58630	3(28)930-87-49	21977	21977
205(242)024-00-74887	5(53)999-16-40	266405	266405
34(8863)377-19-87311	3(836)680-58-35	139038	139038
12(6383)724-26-90487	00(166)095-98-76	313644	313644
505(14)872-03-42106	8(6370)868-91-62	6676515	6676515
436(8928)766-51-70485	337(4361)573-34-06	83899	83899
73(8631)376-81-24927	9(66)649-53-02	2873675	2873675
154(0551)465-29-40672	75(4447)616-35-08	1945320	1945320
19(90)495-27-77267	71(070)452-99-21	84097	84097
297(6395)025-25-71562	96(410)263-80-89	3372751	3372751
124(020)889-07-77317	469(6699)510-44-11	931898	931898
981(072)384-20-76378	87(9702)415-20-37	4427385	4427385
97(97)654-72-47062	25(95)003-05-82	4562050	4562050
3(463)936-57-34231	204(02)275-32-83	87028	87028
29(941)754-82-60514	50(1277)888-84-60	352307	352307
4(181)552-88-33030	8(59)713-47-76	3556038	3556038
8(75)239-93-50885	12(10)471-96-97	8694	8694
9(379)977-31-86284	33(426)187-32-10	734184	734184
69(83)767-75-52856	861(83)278-37-42	1711950	1711950
2(113)456-07-55114	95(5001)296-52-85	144206	144206
9(5652)087-83-40501	6(27)673-36-60	97813	97813
301(6261)732-02-05958	9(043)536-45-61	586704	586704
66(50)555-72-98485	8(70)934-09-23	8503540	8503540
47(205)268-11-76847	8(39)994-24-95	8530934	8530934
4(909)395-77-03277	4(86)679-74-90	2386446	2386446
73(0971)470-85-33923	001(304)046-98-84	27062	27062
968(365)925-40-82089	452(398)688-17-90	7483	7483
0(002)455-68-46531	922(36)306-39-57	36856	36856
066(9139)599-52-09211	920(694)535-61-47	297576	297576
574(69)129-02-66258	391(2866)398-96-68	4712286	4712286
59(48)686-99-77552	645(931)883-25-26	84322	84322
115(35)629-87-84275	43(2041)302-06-19	699568	699568
624(935)102-37-35368	6(868)867-29-34	5500607	5500607
951(3978)539-26-37573	89(6190)343-54-97	298857	298857
9(531)854-75-32726	24(0079)371-31-69	979058	979058
048(888)261-99-39382	586(7700)366-34-95	4351367	4351367
70(27)504-86-08094	869(580)934-52-40	710840	710840
824(95)899-18-17528	1(8879)166-40-60	2567360	2567360
053(92)018-96-77928	569(27)675-13-75	90703	90703
786(7859)023-82-82375	86(75)651-22-63	54909	54909
8(072)510-39-72649	623(146)626-13-09	703975	703975
99(0139)228-07-98396	476(416)773-94-68	9047744	9047744
71(7575)307-89-68081	9(41)003-37-46	34052	34052
2(204)023-08-98076	352(18)357-13-00	16073	16073
41(821)285-26-62905	788(0286)806-64-34	447346	447346
4(078)589-55-51075	970(66)145-44-61	47213	47213
975(50)177-18-21372	5(9527)662-33-76	549306	549306
6(643)094-06-99665	655(612)266-71-39	171787	171787
262(405)266-08-66221	89(411)889-12-77	31454	31454
41(921)285-86-84929	3(59)620-99-67	78309	78309
721(823)857-01-21613	9(685)272-95-09	7516572	7516572
065(424)178-14-03985	274(07)065-36-43	80380	80380
3(814)465-50-36692	14(801)041-34-63	4988	4988
1(9348)888-77-30188	36(89)672-22-69	962938	962938
2(6832)684-61-58841	939(774)153-28-79	397453	397453
3(1159)801-78-49618	1(83)757-58-07	337178	337178
366(12)602-12-55966	05(44)111-02-63	21104	21104
66(670)201-38-06579	41(637)692-17-80	67616	67616
934(55)002-77-74411	649(73)457-55-92	203175	203175
2(437)184-75-34568	470(3379)622-40-22	298697	298697
24(3420)057-16-94247	62(4538)046-06-65	107187	107187
2(9665)007-86-92627	64(0260)833-95-65	55167	55167
308(7057)822-94-18073	8(647)570-27-78	879863	879863
8(861)970-75-47435	1(786)569-40-23	92991	92991
83(7526)440-27-10207	89(7351)178-19-68	5272902	5272902
86(84)311-67-65162	994(8074)687-92-37	67748	67748
886(27)094-39-26797	1(566)844-94-08	263504	263504
33(5462)137-40-52785	0(7767)041-92-01	9799172	9799172
36(894)619-38-27882	83(3930)149-18-09	548515	548515
03(400)633-49-88526	0(8845)505-52-66	96353	96353
76(96)782-56-50786	504(9894)341-25-13	166615	166615
9(7510)098-62-52914	91(478)845-10-29	856637	856637
795(213)116-83-56117	24(233)361-58-67	82280	82280
2(0152)728-10-50623	2(4611)209-81-90	9049029	9049029
519(7803)152-38-13966	5(695)222-93-87	95565	95565
39(590)529-38-02580	5(22)945-47-63	50172	50172
15(789)035-60-10965	83(980)765-08-89	8017981	8017981
614(1771)300-82-64953	6(3175)148-79-53	8672018	8672018
57(2713)795-40-94262	1(67)478-23-32	7854804	7854804
65(736)759-10-58076	1(57)897-43-89	1199017	1199017
1(90)317-83-40715	5(7918)864-33-25	55427	55427
8(8264)746-65-42755	580(1640)489-76-90	8787552	8787552
64(72)168-88-30629	8(2064)281-60-74	90371	90371
831(872)250-81-74582	65(71)862-66-03	615220	615220
634(229)912-89-69547	05(884)238-04-51	86289	86289
803(8472)557-18-17046	9(8505)843-10-01	7784307	7784307
37(261)260-04-04498	62(1086)094-14-92	84668	84668
79(8859)921-94-81002	9(438)806-21-43	723239	723239
75(4233)005-48-53739	1(26)680-01-36	269160	269160
489(744)442-82-88701	5(8785)135-04-22	2450567	2450567
4(20)059-89-95374	66(8805)736-74-94	59385	59385
583(277)069-76-18021	426(01)259-29-15	8222	8222
8(58)485-86-97180	81(604)625-20-01	4875359	4875359
185(81)673-57-56848	86(4876)911-10-26	956121	956121
38(1367)491-47-33251	08(79)957-57-75	81205	81205
78(03)696-17-04596	235(8364)556-76-84	14467	14467
542(34)078-33-06087	9(37)967-72-44	15652	15652
1(713)933-53-04847	461(5921)870-44-63	58146	58146
823(9123)940-75-23337	921(032)099-54-60	78504	78504
2(58)622-09-19258	8(7829)062-40-97	11651	11651
7(59)908-42-17699	900(04)745-60-03	739059	739059
057(197)992-14-13228	2(09)282-35-47	18232	18232
3(2125)012-00-35777	45(365)690-44-61	18133	18133
407(298)316-13-00622	64(866)697-82-23	34819	34819
5(38)319-19-69377	8(6302)697-73-23	57544	57544
066(971)111-73-49972	70(3869)283-11-64	38234	38234
060(89)724-40-51690	4(77)059-93-63	685718	685718
12(343)836-65-57257	08(08)956-68-50	51053	51053
4(768)643-33-47572	664(0658)649-68-69	53283	53283
165(92)574-72-27665	68(7746)031-53-01	3411350	3411350
5(0913)608-33-65015	5(0159)130-72-77	1949687	1949687
3(51)339-09-66313	46(137)771-83-59	91445	91445
0(641)241-90-10524	54(650)719-89-15	8326900	8326900
756(95)827-13-15461	793(16)936-12-06	17673	17673
891(00)218-46-72243	5(59)193-81-27	7874517	7874517
0(022)547-01-99980	4(71)034-72-31	309697	309697
9(52)468-29-16226	449(54)040-23-31	1461726	1461726
281(452)614-60-48953	58(914)444-82-62	622198	622198
8(8798)611-29-31086	57(4838)431-76-48	4346900	4346900
11(25)297-25-04383	9(8982)374-10-14	8686912	8686912
7(93)062-48-23484	61(197)023-19-06	50150	50150
17(00)826-87-96014	254(42)551-07-11	706951	706951
0(4157)399-78-43014	6(2902)039-45-84	98982	98982
1(940)204-21-94289	5(7982)287-48-45	7973749	7973749
46(76)553-95-53778	6(89)918-95-84	922272	922272
28(499)182-47-18288	6(2260)524-70-22	392148	392148
585(15)783-46-97531	779(982)740-70-81	7770493	7770493
28(1009)911-71-65767	5(47)492-74-98	5025341	5025341
2(060)572-98-71743	17(97)959-13-32	933770	933770
531(422)883-55-57063	3(25)294-93-31	5144228	5144228
3(8686)049-33-46491	7(94)773-44-30	93218	93218
175(0056)621-66-15391	43(6407)540-58-08	432743	432743
966(910)011-18-61966	1(0394)610-15-31	7675849	7675849
42(6957)876-57-22123	856(072)377-85-76	94160	94160
6(275)461-02-75452	967(61)230-38-45	536442	536442
10(9745)776-91-76504	213(1109)772-34-90	7555917	7555917
2(7390)446-69-77774	58(1984)881-33-96	920708	920708
2(9058)357-39-86859	34(445)221-67-06	4991373	4991373
502(79)566-21-85185	5(974)286-09-04	6738041	6738041
670(54)301-99-84015	693(68)177-48-41	317773	317773
142(1580)086-75-47891	044(310)488-48-89	5184348	5184348
3(12)062-22-03630	491(500)771-51-34	312084	312084
899(9867)042-96-22845	7(8109)581-96-09	604104	604104
4(36)300-60-95085	58(9470)572-19-65	75599	75599
7(71)231-86-47097	3(145)809-90-60	17008	17008
11(44)513-57-43251	158(4264)126-32-29	5297054	5297054
22(556)101-20-97100	63(1979)690-29-94	248687	248687
42(66)300-55-29843	83(0944)715-04-45	6301923	6301923
00(1194)912-91-84400	8(27)177-17-00	6375371	6375371
7(180)095-42-94376	445(4678)952-46-68	71159	71159
70(628)470-87-19561	7(4945)122-82-25	421018	421018
68(539)331-10-59115	715(72)726-96-26	10129	10129
92(6364)691-73-75729	43(92)438-76-79	9354927	9354927
120(31)329-85-91354	276(290)987-68-39	99156	99156
096(0337)107-81-08449	94(2309)475-04-50	9991002	9991002
7(26)170-71-07067	371(620)172-01-25	18371	18371
9(88)960-06-95187	6(304)999-40-40	16669	16669
094(1288)864-53-54533	1(739)599-77-17	693080	693080
397(669)566-66-13832	420(53)050-95-49	7969690	7969690
603(57)029-49-24771	591(6580)798-51-54	1924378	1924378
68(35)960-80-24737	74(377)372-82-28	44392	44392
954(7347)844-99-08034	106(5486)747-99-14	26160	26160
30(1196)246-19-01646	610(847)758-94-60	5684852	5684852
14(5485)897-53-82491	39(7750)084-99-97	4531199	4531199
7(546)472-83-60855	08(8274)229-79-91	459815	459815
3(62)473-39-83190	9(06)017-86-78	471572	471572
55(19)383-98-25359	45(244)195-42-41	152811	152811
21(699)983-08-46398	4(334)914-18-37	523122	523122
88(7185)399-24-14083	23(79)249-43-49	818342	818342
827(36)095-85-46318	80(2415)550-97-93	1337513	1337513
6(56)703-11-25018	55(6380)299-63-82	39514	39514
314(1450)973-05-57703	9(44)026-53-62	37499	37499
743(5546)251-49-05456	9(8465)453-74-34	80533	80533
53(5832)366-00-90554	279(74)849-50-21	1514294	1514294
3(7417)710-36-57415	5(04)793-24-70	75265	75265
320(81)816-36-86350	047(17)811-76-03	920294	920294
25(46)123-53-93713	259(5021)150-62-05	3372	3372
958(6413)869-92-15462	52(601)123-82-64	239698	239698
7(428)554-93-44121	14(75)947-55-37	6194	6194
44(3182)088-60-94446	91(17)293-31-61	338803	338803
7(82)176-30-89539	36(4122)722-57-78	37748	37748
581(8985)894-26-79962	27(394)134-55-17	62182	62182
7(81)615-00-46855	447(6024)463-13-16	2836	2836
543(230)974-84-69178	93(97)117-66-84	99835	99835
7(435)713-37-18143	38(35)591-05-42	7891589	7891589
84(7226)968-64-13957	695(255)762-42-83	267857	267857
04(383)650-08-84666	466(0106)266-69-52	6965373	6965373
75(6681)159-25-47047	7(80)715-42-84	727972	727972
9(8145)110-75-73449	453(0298)906-28-93	36549	36549
6(42)775-58-92190	0(59)073-61-54	16718	16718
054(6683)666-05-97649	48(86)169-65-92	9221061	9221061
162(4195)951-40-90674	822(22)247-98-30	8878046	8878046
304(641)801-07-36256	76(6862)880-44-97	140317	140317
663(1372)467-87-22364	8(5028)424-40-84	518016	518016
548(221)782-34-51599	51(10)308-20-36	66747	66747
934(1194)582-03-16537	0(9059)367-51-16	151086	151086
1(250)768-63-79841	614(4684)933-96-00	27585	27585
355(4807)623-42-40591	097(808)846-00-67	906469	906469
67(21)293-49-70464	0(674)834-13-01	85630	85630
7(24)686-09-10057	81(562)585-95-60	929509	929509
798(2806)762-41-51285	3(28)930-87-49	21977	21977
44(43)539-20-62935	5(53)999-16-40	266405	266405
315(88)937-21-37579	3(836)680-58-35	139038	139038
0(642)590-42-62688	00(166)095-98-76	313644	313644
763(9091)771-77-10363	8(6370)868-91-62	6676515	6676515
1(36)991-77-94421	337(4361)573-34-06	83899	83899
30(772)400-54-78681	9(66)649-53-02	2873675	2873675
469(761)150-39-33411	75(4447)616-35-08	1945320	1945320
067(21)087-27-28765	71(070)452-99-21	84097	84097
73(338)727-94-49011	96(410)263-80-89	3372751	3372751
3(3165)836-49-02365	469(6699)510-44-11	931898	931898
57(752)922-03-43384	87(9702)415-20-37	4427385	4427385
4(880)706-07-17291	25(95)003-05-82	4562050	4562050
4(246)409-83-73326	204(02)275-32-83	87028	87028
0(6772)546-74-78910	50(1277)888-84-60	352307	352307
84(8462)054-67-43321	8(59)713-47-76	3556038	3556038
161(4552)639-57-74146	12(10)471-96-97	8694	8694
41(1925)460-53-13878	33(426)187-32-10	734184	734184
2(410)944-30-87268	861(83)278-37-42	1711950	1711950
8(530)846-13-40565	95(5001)296-52-85	144206	144206
852(0611)931-75-91032	6(27)673-36-60	97813	97813
17(31)464-96-24805	9(043)536-45-61	586704	586704
26(1909)016-34-25159	8(70)934-09-23	8503540	8503540
3(97)607-41-29388	8(39)994-24-95	8530934	8530934
89(405)393-81-98421	4(86)679-74-90	2386446	2386446
03(01)233-52-20024	001(304)046-98-84	27062	27062
29(588)983-30-47088	452(398)688-17-90	7483	7483
9(33)959-96-13133	922(36)306-39-57	36856	36856
91(413)532-34-01604	920(694)535-61-47	297576	297576
3(99)851-26-56258	391(2866)398-96-68	4712286	4712286
090(5408)195-14-55454	645(931)883-25-26	84322	84322
49(751)871-57-16561	43(2041)302-06-19	699568	699568
41(4798)438-88-27493	6(868)867-29-34	5500607	5500607
31(471)472-63-67114	89(6190)343-54-97	298857	298857
0(4353)806-74-20565	24(0079)371-31-69	979058	979058
81(5349)101-51-13558	586(7700)366-34-95	4351367	4351367
769(43)592-03-12165	869(580)934-52-40	710840	710840
66(7838)645-53-22266	1(8879)166-40-60	2567360	2567360
22(439)512-17-97466	569(27)675-13-75	90703	90703
564(2025)419-13-17857	86(75)651-22-63	54909	54909
08(1569)368-82-37539	623(146)626-13-09	703975	703975
6(255)734-21-83065	476(416)773-94-68	9047744	9047744
25(515)481-92-10952	9(41)003-37-46	34052	34052
18(52)619-67-42009	352(18)357-13-00	16073	16073
14(53)562-55-88006	788(0286)806-64-34	447346	447346
5(9208)831-93-05555	970(66)145-44-61	47213	47213
8(6502)800-86-34627	5(9527)662-33-76	549306	549306
165(858)044-55-33283	655(612)266-71-39	171787	171787
82(912)585-25-69117	89(411)889-12-77	31454	31454
06(4129)623-96-11102	3(59)620-99-67	78309	78309
38(81)509-67-56420	9(685)272-95-09	7516572	7516572
50(1230)521-54-59278	274(07)065-36-43	80380	80380
43(491)662-61-77190	14(801)041-34-63	4988	4988
00(2156)493-23-86725	36(89)672-22-69	962938	962938
215(863)826-22-62577	939(774)153-28-79	397453	397453
4(18)471-19-70286	1(83)757-58-07	337178	337178
731(149)766-24-44865	05(44)111-02-63	21104	21104
194(140)698-56-16931	41(637)692-17-80	67616	67616
786(107)940-66-00914	649(73)457-55-92	203175	203175
3(92)533-56-55431	470(3379)622-40-22	298697	298697
425(19)861-85-33664	62(4538)046-06-65	107187	107187
91(35)003-44-42977	64(0260)833-95-65	55167	55167
970(3269)052-51-16242	8(647)570-27-78	879863	879863
4(38)807-58-64672	1(786)569-40-23	92991	92991
9(0596)478-10-23076	89(7351)178-19-68	5272902	5272902
54(61)581-16-42632	994(8074)687-92-37	67748	67748
3(8767)602-77-90332	1(566)844-94-08	263504	263504
5(5317)506-93-73160	0(7767)041-92-01	9799172	9799172
405(222)256-46-13155	83(3930)149-18-09	548515	548515
609(03)357-43-14857	0(8845)505-52-66	96353	96353
8(3358)721-37-19811	504(9894)341-25-13	166615	166615
422(9730)169-24-86844	91(478)845-10-29	856637	856637
270(525)472-89-58921	24(233)361-58-67	82280	82280
3(626)120-67-98404	2(4611)209-81-90	9049029	9049029
2(36)657-14-73677	5(695)222-93-87	95565	95565
4(65)868-65-71521	5(22)945-47-63	50172	50172
255(11)255-51-23163	83(980)765-08-89	8017981	8017981
257(4341)936-85-13534	6(3175)148-79-53	8672018	8672018
50(1214)782-93-98732	1(67)478-23-32	7854804	7854804
822(087)409-85-96718	1(57)897-43-89	1199017	1199017
5(975)641-06-08923	5(7918)864-33-25	55427	55427
0(44)327-29-44759	580(1640)489-76-90	8787552	8787552
57(8439)092-92-60374	8(2064)281-60-74	90371	90371
880(100)854-21-11955	65(71)862-66-03	615220	615220
059(51)556-03-58319	05(884)238-04-51	86289	86289
14(79)917-97-28788	9(8505)843-10-01	7784307	7784307
4(90)608-29-24976	62(1086)094-14-92	84668	84668
913(89)626-54-31109	9(438)806-21-43	723239	723239
878(869)017-08-61170	1(26)680-01-36	269160	269160
0(4738)500-47-92531	5(8785)135-04-22	2450567	2450567
3(2462)345-05-61308	66(8805)736-74-94	59385	59385
99(90)698-23-95687	426(01)259-29-15	8222	8222
5(49)901-52-46115	81(604)625-20-01	4875359	4875359
2(191)744-69-05710	86(4876)911-10-26	956121	956121
504(050)064-22-55764	08(79)957-57-75	81205	81205
713(73)313-49-94445	235(8364)556-76-84	14467	14467
4(1133)881-43-02433	9(37)967-72-44	15652	15652
7(589)884-22-93684	461(5921)870-44-63	58146	58146
172(63)937-47-06562	921(032)099-54-60	78504	78504
51(36)558-24-20602	8(7829)062-40-97	11651	11651
66(59)979-62-58600	900(04)745-60-03	739059	739059
463(21)643-34-69031	2(09)282-35-47	18232	18232
29(092)418-51-60800	45(365)690-44-61	18133	18133
1(757)940-07-17013	64(866)697-82-23	34819	34819
0(258)008-18-81895	8(6302)697-73-23	57544	57544
53(5866)836-96-69394	70(3869)283-11-64	38234	38234
0(186)788-74-52818	4(77)059-93-63	685718	685718
84(78)655-68-51067	08(08)956-68-50	51053	51053
5(222)976-25-80275	664(0658)649-68-69	53283	53283
43(188)739-70-69501	68(7746)031-53-01	3411350	3411350
326(88)799-44-48870	5(0159)130-72-77	1949687	1949687
673(71)405-42-38400	46(137)771-83-59	91445	91445
97(87)314-29-49623	54(650)719-89-15	8326900	8326900
947(538)771-77-56565	793(16)936-12-06	17673	17673
2(4624)103-47-28463	5(59)193-81-27	7874517	7874517
515(22)895-55-87434	4(71)034-72-31	309697	309697
748(7250)075-82-64497	449(54)040-23-31	1461726	1461726
86(32)162-53-09187	58(914)444-82-62	622198	622198
38(451)877-26-47418	57(4838)431-76-48	4346900	4346900
389(04)046-92-12177	9(8982)374-10-14	8686912	8686912
804(873)584-46-82593	61(197)023-19-06	50150	50150
4(503)158-83-57303	254(42)551-07-11	706951	706951
7(434)718-06-83727	6(2902)039-45-84	98982	98982
3(04)839-41-34442	5(7982)287-48-45	7973749	7973749
9(693)734-57-18441	6(89)918-95-84	922272	922272
46(20)714-16-83789	6(2260)524-70-22	392148	392148
72(56)036-98-00346	779(982)740-70-81	7770493	7770493
76(580)490-27-96427	5(47)492-74-98	5025341	5025341
920(90)005-57-03368	17(97)959-13-32	933770	933770
6(665)345-87-38669	3(25)294-93-31	5144228	5144228
591(961)740-32-20796	7(94)773-44-30	93218	93218
8(73)477-13-61852	43(6407)540-58-08	432743	432743
59(260)026-10-58238	1(0394)610-15-31	7675849	7675849
773(458)677-91-39766	856(072)377-85-76	94160	94160
961(811)355-22-36781	967(61)230-38-45	536442	536442
98(77)072-63-16022	213(1109)772-34-90	7555917	7555917
335(819)569-37-53681	58(1984)881-33-96	920708	920708
32(68)755-97-42109	34(445)221-67-06	4991373	4991373
1(2741)275-85-63984	5(974)286-09-04	6738041	6738041
79(24)094-29-32114	693(68)177-48-41	317773	317773
669(3579)080-53-75600	044(310)488-48-89	5184348	5184348
192(855)608-36-81039	491(500)771-51-34	312084	312084
4(85)231-83-16508	7(8109)581-96-09	604104	604104
834(0564)453-75-32517	58(9470)572-19-65	75599	75599
4(22)399-47-82131	3(145)809-90-60	17008	17008
9(6122)087-33-90531	158(4264)126-32-29	5297054	5297054
662(564)968-08-78591	63(1979)690-29-94	248687	248687
415(49)556-63-22598	83(0944)715-04-45	6301923	6301923
3(192)700-39-10426	8(27)177-17-00	6375371	6375371
768(24)572-16-13044	445(4678)952-46-68	71159	71159
767(6078)118-88-57172	7(4945)122-82-25	421018	421018
3(34)587-03-67944	715(72)726-96-26	10129	10129
42(545)249-06-63793	43(92)438-76-79	9354927	9354927
4(62)654-35-88230	276(290)987-68-39	99156	99156
942(772)391-08-41257	94(2309)475-04-50	9991002	9991002
34(87)768-06-59183	371(620)172-01-25	18371	18371
557(5894)168-92-13391	6(304)999-40-40	16669	16669
6(9745)630-59-52811	1(739)599-77-17	693080	693080
548(27)408-31-80988	420(53)050-95-49	7969690	7969690
34(7546)742-82-72095	591(6580)798-51-54	1924378	1924378
498(30)390-13-36311	74(377)372-82-28	44392	44392
825(54)265-21-36029	106(5486)747-99-14	26160	26160
20(2196)696-87-41377	610(847)758-94-60	5684852	5684852
394(1628)571-88-91997	39(7750)084-99-97	4531199	4531199
66(54)674-45-73965	08(8274)229-79-91	459815	459815
93(514)044-03-25986	9(06)017-86-78	471572	471572
33(17)659-61-42185	45(244)195-42-41	152811	152811
000(45)775-76-21953	4(334)914-18-37	523122	523122
2(7783)251-11-82182	23(79)249-43-49	818342	818342
33(191)126-76-70548	80(2415)550-97-93	1337513	1337513
8(6497)808-72-41682	55(6380)299-63-82	39514	39514
99(2658)538-36-71211	9(44)026-53-62	37499	37499
7(0563)708-06-89405	9(8465)453-74-34	80533	80533
994(78)402-61-34140	279(74)849-50-21	1514294	1514294
805(9547)880-88-03171	5(04)793-24-70	75265	75265
2(49)734-24-20488	047(17)811-76-03	920294	920294
33(91)907-93-97400	259(5021)150-62-05	3372	3372
400(44)865-24-36868	52(601)123-82-64	239698	239698
887(5715)656-30-63317	14(75)947-55-37	6194	6194
943(97)837-62-53111	91(17)293-31-61	338803	338803
6(9233)066-14-50982	36(4122)722-57-78	37748	37748
517(8324)358-61-56499	27(394)134-55-17	62182	62182
963(18)073-03-57341	447(6024)463-13-16	2836	2836
88(3755)192-16-17028	93(97)117-66-84	99835	99835
296(001)359-94-88863	38(35)591-05-42	7891589	7891589
95(26)430-62-99265	695(255)762-42-83	267857	267857
7(0030)787-54-18461	466(0106)266-69-52	6965373	6965373
552(42)003-23-51644	7(80)715-42-84	727972	727972
8(9613)879-99-75506	453(0298)906-28-93	36549	36549
289(22)742-28-31827	0(59)073-61-54	16718	16718
698(883)386-08-88710	48(86)169-65-92	9221061	9221061
8(4113)217-01-49987	822(22)247-98-30	8878046	8878046
231(91)807-01-78920	76(6862)880-44-97	140317	140317
5(372)962-84-06638	8(5028)424-40-84	518016	518016
396(94)011-03-12965	51(10)308-20-36	66747	66747
895(140)176-05-99229	0(9059)367-51-16	151086	151086
40(5117)039-72-83808	614(4684)933-96-00	27585	27585
206(0180)009-50-70288	097(808)846-00-67	906469	906469
91(733)149-06-96507	0(674)834-13-01	85630	85630
01(009)704-68-06053	81(562)585-95-60	929509	929509
93(436)236-21-03253	3(28)930-87-49	21977	21977
4(059)493-45-68505	5(53)999-16-40	266405	266405
310(569)728-26-17122	3(836)680-58-35	139038	139038
9(1217)020-51-37202	00(166)095-98-76	313644	313644
996(78)960-19-10623	8(6370)868-91-62	6676515	6676515
938(34)626-65-56418	337(4361)573-34-06	83899	83899
0(166)573-20-70009	9(66)649-53-02	2873675	2873675
3(606)718-35-02718	75(4447)616-35-08	1945320	1945320
841(256)264-25-66936	71(070)452-99-21	84097	84097
64(5826)088-96-31066	96(410)263-80-89	3372751	3372751
093(190)945-41-91774	469(6699)510-44-11	931898	931898
85(64)059-62-66101	87(9702)415-20-37	4427385	4427385
91(86)377-54-50835	25(95)003-05-82	4562050	4562050
0(9058)854-05-53575	204(02)275-32-83	87028	87028
33(0035)338-93-99395	50(1277)888-84-60	352307	352307
7(713)778-42-27608	8(59)713-47-76	3556038	3556038
43(77)710-64-01674	12(10)471-96-97	8694	8694
9(6654)869-46-71013	33(426)187-32-10	734184	734184
845(5245)028-32-69913	861(83)278-37-42	1711950	1711950
0(94)758-89-67327	95(5001)296-52-85	144206	144206
514(2676)358-59-86080	6(27)673-36-60	97813	97813
565(621)588-00-29296	9(043)536-45-61	586704	586704
904(6452)432-90-73694	8(70)934-09-23	8503540	8503540
43(547)770-66-11475	8(39)994-24-95	8530934	8530934
9(43)330-60-91645	4(86)679-74-90	2386446	2386446
9(94)644-35-57317	001(304)046-98-84	27062	27062
2(64)041-04-36998	452(398)688-17-90	7483	7483
973(3827)847-01-02377	922(36)306-39-57	36856	36856
710(6346)253-99-03730	920(694)535-61-47	297576	297576
1(017)408-18-53839	391(2866)398-96-68	4712286	4712286
7(501)909-28-33048	645(931)883-25-26	84322	84322
6(106)156-44-94770	43(2041)302-06-19	699568	699568
7(17)101-43-29226	6(868)867-29-34	5500607	5500607
465(811)517-28-85607	89(6190)343-54-97	298857	298857
39(438)309-99-46594	24(0079)371-31-69	979058	979058
072(55)316-38-06741	586(7700)366-34-95	4351367	4351367
2(5364)009-04-60282	869(580)934-52-40	710840	710840
320(943)015-13-89816	1(8879)166-40-60	2567360	2567360
5(3478)709-08-32982	569(27)675-13-75	90703	90703
12(376)555-72-83928	86(75)651-22-63	54909	54909
09(184)178-09-21265	623(146)626-13-09	703975	703975
325(7316)085-68-41035	476(416)773-94-68	9047744	9047744
5(95)174-82-41490	9(41)003-37-46	34052	34052
3(80)758-69-96256	352(18)357-13-00	16073	16073
753(6045)867-87-91881	788(0286)806-64-34	447346	447346
6(9269)944-72-00270	970(66)145-44-61	47213	47213
23(802)044-95-55247	5(9527)662-33-76	549306	549306
368(1501)287-80-12925	655(612)266-71-39	171787	171787
39(2548)966-32-41301	89(411)889-12-77	31454	31454
73(525)548-00-10045	3(59)620-99-67	78309	78309
33(997)495-50-12458	9(685)272-95-09	7516572	7516572
042(335)359-91-22522	274(07)065-36-43	80380	80380
47(02)158-63-57872	14(801)041-34-63	4988	4988
0(6436)497-01-94577	36(89)672-22-69	962938	962938
91(5938)172-38-31575	939(774)153-28-79	397453	397453
2(19)395-86-34642	1(83)757-58-07	337178	337178
4(087)106-42-12744	05(44)111-02-63	21104	21104
549(3580)263-48-70858	41(637)692-17-80	67616	67616
78(10)487-86-33636	649(73)457-55-92	203175	203175
1(9443)200-06-86368	470(3379)622-40-22	298697	298697
71(6972)097-70-85029	62(4538)046-06-65	107187	107187
11(229)837-68-48718	64(0260)833-95-65	55167	55167
42(393)884-08-72914	8(647)570-27-78	879863	879863
1(042)376-08-55281	1(786)569-40-23	92991	92991
85(6437)101-34-34949	89(7351)178-19-68	5272902	5272902
1(98)738-91-05954	994(8074)687-92-37	67748	67748
98(103)387-88-17039	1(566)844-94-08	263504	263504
127(176)257-71-76596	0(7767)041-92-01	9799172	9799172
207(86)564-56-58400	83(3930)149-18-09	548515	548515
6(41)136-89-55875	0(8845)505-52-66	96353	96353
83(99)345-93-99305	504(9894)341-25-13	166615	166615
47(610)150-93-55197	91(478)845-10-29	856637	856637
8(530)604-00-05589	24(233)361-58-67	82280	82280
9(7158)935-03-21186	2(4611)209-81-90	9049029	9049029
91(96)067-54-67465	5(695)222-93-87	95565	95565
23(171)044-23-17229	5(22)945-47-63	50172	50172
8(25)796-54-21954	83(980)765-08-89	8017981	8017981
61(8222)533-76-39551	6(3175)148-79-53	8672018	8672018
4(9053)638-08-52635	1(67)478-23-32	7854804	7854804
613(41)702-22-27228	1(57)897-43-89	1199017	1199017
523(0485)493-26-46687	5(7918)864-33-25	55427	55427
68(907)205-95-73488	580(1640)489-76-90	8787552	8787552
3(738)936-61-39815	8(2064)281-60-74	90371	90371
234(395)684-56-78242	65(71)862-66-03	615220	615220
4(40)647-46-21865	05(884)238-04-51	86289	86289
95(8282)496-74-88803	9(8505)843-10-01	7784307	7784307
793(408)941-33-72290	62(1086)094-14-92	84668	84668
1(1166)910-56-71515	9(438)806-21-43	723239	723239
31(37)899-59-67058	1(26)680-01-36	269160	269160
2(027)839-99-05547	5(8785)135-04-22	2450567	2450567
74(64)137-94-38654	66(8805)736-74-94	59385	59385
818(586)910-38-61387	426(01)259-29-15	8222	8222
091(9517)719-53-81868	81(604)625-20-01	4875359	4875359
50(890)397-10-72867	86(4876)911-10-26	956121	956121
306(929)473-21-93582	08(79)957-57-75	81205	81205
85(665)949-63-37086	235(8364)556-76-84	14467	14467
8(767)773-35-59315	9(37)967-72-44	15652	15652
712(5239)004-73-21089	461(5921)870-44-63	58146	58146
5(491)850-34-85750	921(032)099-54-60	78504	78504
994(9973)839-74-53845	8(7829)062-40-97	11651	11651
309(5822)222-27-22695	900(04)745-60-03	739059	739059
797(429)741-04-17090	2(09)282-35-47	18232	18232
3(55)386-07-27515	45(365)690-44-61	18133	18133
5(0954)692-49-24257	64(866)697-82-23	34819	34819
022(9261)225-38-44709	8(6302)697-73-23	57544	57544
681(83)183-09-52744	70(3869)283-11-64	38234	38234
65(9018)554-44-13531	4(77)059-93-63	685718	685718
937(36)644-08-05696	08(08)956-68-50	51053	51053
713(678)130-22-06039	664(0658)649-68-69	53283	53283
25(76)726-79-35068	68(7746)031-53-01	3411350	3411350
464(058)543-94-02919	5(0159)130-72-77	1949687	1949687
17(7480)878-52-50755	46(137)771-83-59	91445	91445
91(31)344-44-15103	54(650)719-89-15	8326900	8326900
83(714)393-05-96407	793(16)936-12-06	17673	17673
221(660)227-58-69430	5(59)193-81-27	7874517	7874517
738(43)170-85-20797	4(71)034-72-31	309697	309697
95(131)914-31-20501	449(54)040-23-31	1461726	1461726
4(11)073-15-28924	58(914)444-82-62	622198	622198
47(4788)001-51-25537	57(4838)431-76-48	4346900	4346900
475(9018)325-79-32710	9(8982)374-10-14	8686912	8686912
110(2338)061-82-97215	61(197)023-19-06	50150	50150
4(8271)534-35-63296	254(42)551-07-11	706951	706951
73(454)519-67-20503	6(2902)039-45-84	98982	98982
2(7531)953-82-86550	5(7982)287-48-45	7973749	7973749
9(6162)833-97-61547	6(89)918-95-84	922272	922272
587(15)018-52-95966	6(2260)524-70-22	392148	392148
84(282)444-82-24094	779(982)740-70-81	7770493	7770493
5(2768)638-29-30473	5(47)492-74-98	5025341	5025341
0(65)579-97-94952	17(97)959-13-32	933770	933770
2(0144)733-77-11013	3(25)294-93-31	5144228	5144228
602(021)615-94-78492	7(94)773-44-30	93218	93218
992(704)162-82-30643	43(6407)540-58-08	432743	432743
490(9477)607-69-00714	1(0394)610-15-31	7675849	7675849
219(43)174-91-49033	856(072)377-85-76	94160	94160
124(01)118-26-54755	967(61)230-38-45	536442	536442
8(2512)526-95-40891	213(1109)772-34-90	7555917	7555917
030(12)776-22-70905	58(1984)881-33-96	920708	920708
3(65)613-79-39832	34(445)221-67-06	4991373	4991373
641(180)184-19-02229	5(974)286-09-04	6738041	6738041
058(387)614-57-96205	693(68)177-48-41	317773	317773
5(1970)022-90-34977	044(310)488-48-89	5184348	5184348
504(503)655-28-09097	491(500)771-51-34	312084	312084
9(3264)133-91-89544	7(8109)581-96-09	604104	604104
88(43)334-33-14388	58(9470)572-19-65	75599	75599
42(55)463-42-88867	3(145)809-90-60	17008	17008
1(54)988-12-29084	158(4264)126-32-29	5297054	5297054
9(94)679-85-86257	63(1979)690-29-94	248687	248687
73(2371)034-12-84183	83(0944)715-04-45	6301923	6301923
39(279)416-25-35468	8(27)177-17-00	6375371	6375371
7(21)335-75-31170	445(4678)952-46-68	71159	71159
08(126)521-07-89962	7(4945)122-82-25	421018	421018
7(5043)847-55-36387	715(72)726-96-26	10129	10129
45(77)551-41-36922	43(92)438-76-79	9354927	9354927
7(651)167-79-54500	276(290)987-68-39	99156	99156
879(30)544-56-75342	94(2309)475-04-50	9991002	9991002
560(48)936-03-48141	371(620)172-01-25	18371	18371
59(94)621-06-49100	6(304)999-40-40	16669	16669
5(4511)554-79-62463	1(739)599-77-17	693080	693080
19(31)059-26-05189	420(53)050-95-49	7969690	7969690
00(56)362-50-88408	591(6580)798-51-54	1924378	1924378
30(455)152-34-19421	74(377)372-82-28	44392	44392
8(3409)980-97-63717	106(5486)747-99-14	26160	26160
7(436)786-21-83057	610(847)758-94-60	5684852	5684852
66(54)517-88-96170	39(7750)084-99-97	4531199	4531199
07(760)783-74-02073	08(8274)229-79-91	459815	459815
24(32)216-48-70853	9(06)017-86-78	471572	471572
137(2166)878-14-06648	45(244)195-42-41	152811	152811
70(181)765-48-92713	4(334)914-18-37	523122	523122
85(53)940-69-92796	23(79)249-43-49	818342	818342
870(461)530-66-44160	80(2415)550-97-93	1337513	1337513
10(16)187-04-68274	55(6380)299-63-82	39514	39514
35(9995)307-00-21033	9(44)026-53-62	37499	37499
345(40)335-89-94883	9(8465)453-74-34	80533	80533
391(614)352-61-51765	279(74)849-50-21	1514294	1514294
491(8082)767-15-85209	5(04)793-24-70	75265	75265
3(306)146-72-07305	047(17)811-76-03	920294	920294
97(631)992-19-23376	259(5021)150-62-05	3372	3372
36(722)304-35-82229	52(601)123-82-64	239698	239698
376(983)169-80-34617	14(75)947-55-37	6194	6194
109(445)776-41-30439	91(17)293-31-61	338803	338803
505(959)201-12-21865	36(4122)722-57-78	37748	37748
33(07)387-68-62918	27(394)134-55-17	62182	62182
772(7410)293-83-71579	447(6024)463-13-16	2836	2836
086(7296)840-57-03114	93(97)117-66-84	99835	99835
332(79)273-07-26599	38(35)591-05-42	7891589	7891589
52(038)329-46-88910	695(255)762-42-83	267857	267857
049(8051)116-67-90729	466(0106)266-69-52	6965373	6965373
882(006)155-56-85897	7(80)715-42-84	727972	727972
75(9484)401-19-04514	453(0298)906-28-93	36549	36549
4(702)872-74-55934	0(59)073-61-54	16718	16718
29(6008)025-16-76346	48(86)169-65-92	9221061	9221061
85(02)586-92-01298	822(22)247-98-30	8878046	8878046
9(309)265-89-05481	76(6862)880-44-97	140317	140317
844(204)157-04-00040	8(5028)424-40-84	518016	518016
236(2588)797-53-20634	51(10)308-20-36	66747	66747
4(84)955-36-56914	0(9059)367-51-16	151086	151086
7(97)855-27-68019	614(4684)933-96-00	27585	27585
18(6851)178-08-31560	097(808)846-00-67	906469	906469
5(7115)059-90-08076	0(674)834-13-01	85630	85630
99(6774)997-02-39041	81(562)585-95-60	929509	929509
21(11)292-95-88454	3(28)930-87-49	21977	21977
2(4181)141-29-28139	5(53)999-16-40	266405	266405
4(54)592-34-88707	3(836)680-58-35	139038	139038
2(348)506-88-82817	00(166)095-98-76	313644	313644
614(17)654-45-16889	8(6370)868-91-62	6676515	6676515
6(9637)103-27-39971	337(4361)573-34-06	83899	83899
5(7021)384-27-79476	9(66)649-53-02	2873675	2873675
419(522)226-43-11113	75(4447)616-35-08	1945320	1945320
7(1208)927-50-16071	71(070)452-99-21	84097	84097
9(42)868-07-94072	96(410)263-80-89	3372751	3372751
9(00)376-49-34656	469(6699)510-44-11	931898	931898
51(2940)104-28-63884	87(9702)415-20-37	4427385	4427385
075(1416)626-24-54405	25(95)003-05-82	4562050	4562050
16(4458)420-40-52203	204(02)275-32-83	87028	87028
090(2437)323-49-29387	50(1277)888-84-60	352307	352307
29(7039)320-42-02455	8(59)713-47-76	3556038	3556038
4(4833)278-94-19189	12(10)471-96-97	8694	8694
81(0113)378-89-37410	33(426)187-32-10	734184	734184
225(19)001-05-91202	861(83)278-37-42	1711950	1711950
35(1371)458-43-06928	95(5001)296-52-85	144206	144206
490(955)754-29-90037	6(27)673-36-60	97813	97813
9(78)192-01-19600	9(043)536-45-61	586704	586704
9(813)553-46-47457	8(70)934-09-23	8503540	8503540
36(45)577-53-75671	8(39)994-24-95	8530934	8530934
84(3028)651-23-86910	4(86)679-74-90	2386446	2386446
76(41)162-97-87271	001(304)046-98-84	27062	27062
0(9751)896-80-63825	452(398)688-17-90	7483	7483
4(30)282-00-91391	922(36)306-39-57	36856	36856
6(465)235-96-32156	920(694)535-61-47	297576	297576
9(7259)684-98-53528	391(2866)398-96-68	4712286	4712286
7(51)572-79-84272	645(931)883-25-26	84322	84322
988(47)463-72-55438	43(2041)302-06-19	699568	699568
5(5292)774-49-44837	6(868)867-29-34	5500607	5500607
1(788)031-57-95260	89(6190)343-54-97	298857	298857
53(3027)629-09-11499	24(0079)371-31-69	979058	979058
4(66)461-62-12850	586(7700)366-34-95	4351367	4351367
6(97)260-28-16719	869(580)934-52-40	710840	710840
2(880)977-10-66082	1(8879)166-40-60	2567360	2567360
7(2963)458-16-84943	569(27)675-13-75	90703	90703
586(583)530-77-87084	86(75)651-22-63	54909	54909
0(8995)442-71-85811	623(146)626-13-09	703975	703975
532(3061)602-90-07902	476(416)773-94-68	9047744	9047744
479(88)798-45-26456	9(41)003-37-46	34052	34052
7(677)874-77-64144	352(18)357-13-00	16073	16073
32(02)571-22-78253	788(0286)806-64-34	447346	447346
306(80)574-71-80411	970(66)145-44-61	47213	47213
41(23)411-76-57053	5(9527)662-33-76	549306	549306
4(191)624-76-69100	655(612)266-71-39	171787	171787
3(385)519-32-57401	89(411)889-12-77	31454	31454
92(64)411-32-24458	3(59)620-99-67	78309	78309
333(5327)918-17-83858	9(685)272-95-09	7516572	7516572
99(327)726-55-08551	274(07)065-36-43	80380	80380
307(983)213-05-30063	14(801)041-34-63	4988	4988
400(66)516-68-07667	36(89)672-22-69	962938	962938
95(0985)958-23-23330	939(774)153-28-79	397453	397453
4(102)196-77-26296	1(83)757-58-07	337178	337178
7(36)291-53-58352	05(44)111-02-63	21104	21104
731(4141)671-64-24661	41(637)692-17-80	67616	67616
80(442)875-75-99240	649(73)457-55-92	203175	203175
594(008)459-59-86621	470(3379)622-40-22	298697	298697
596(61)544-61-06546	62(4538)046-06-65	107187	107187
20(89)882-40-33629	64(0260)833-95-65	55167	55167
908(432)481-84-71479	8(647)570-27-78	879863	879863
37(62)059-34-73568	1(786)569-40-23	92991	92991
9(63)823-64-83337	89(7351)178-19-68	5272902	5272902
5(394)983-61-93902	994(8074)687-92-37	67748	67748
7(958)131-56-43808	1(566)844-94-08	263504	263504
0(19)562-59-25222	0(7767)041-92-01	9799172	9799172
287(906)709-51-78109	83(3930)149-18-09	548515	548515
2(750)769-08-72647	0(8845)505-52-66	96353	96353
53(24)869-67-06821	504(9894)341-25-13	166615	166615
72(58)669-93-46090	91(478)845-10-29	856637	856637
1(491)694-27-64447	24(233)361-58-67	82280	82280
059(295)426-33-85835	2(4611)209-81-90	9049029	9049029
6(90)778-12-59218	5(695)222-93-87	95565	95565
384(27)615-10-86058	5(22)945-47-63	50172	50172
627(196)889-77-35238	83(980)765-08-89	8017981	8017981
9(146)232-81-14497	6(3175)148-79-53	8672018	8672018
84(723)060-29-93935	1(67)478-23-32	7854804	7854804
96(2844)980-65-80953	1(57)897-43-89	1199017	1199017
0(906)908-35-23296	5(7918)864-33-25	55427	55427
4(13)105-01-46476	580(1640)489-76-90	8787552	8787552
675(753)164-35-14915	8(2064)281-60-74	90371	90371
1(3674)498-17-48396	65(71)862-66-03	615220	615220
370(1353)553-86-11395	05(884)238-04-51	86289	86289
35(438)679-61-66180	9(8505)843-10-01	7784307	7784307
181(2933)727-26-26054	62(1086)094-14-92	84668	84668
269(41)463-44-78271	9(438)806-21-43	723239	723239
8(13)503-19-68894	1(26)680-01-36	269160	269160
189(356)036-20-83984	5(8785)135-04-22	2450567	2450567
3(3713)914-38-52785	66(8805)736-74-94	59385	59385
53(806)898-74-11359	426(01)259-29-15	8222	8222
93(179)217-17-16055	81(604)625-20-01	4875359	4875359
1(914)567-92-64100	86(4876)911-10-26	956121	956121
8(2100)829-87-59818	08(79)957-57-75	81205	81205
5(513)499-50-98891	235(8364)556-76-84	14467	14467
012(3170)698-59-41554	9(37)967-72-44	15652	15652
039(494)851-96-37055	461(5921)870-44-63	58146	58146
3(01)059-51-35174	921(032)099-54-60	78504	78504
141(375)380-44-55776	8(7829)062-40-97	11651	11651
564(167)741-55-57984	900(04)745-60-03	739059	739059
18(128)854-45-91932	2(09)282-35-47	18232	18232
19(609)661-41-66997	45(365)690-44-61	18133	18133
7(038)886-82-95399	64(866)697-82-23	34819	34819
981(531)975-94-76880	8(6302)697-73-23	57544	57544
395(8793)821-81-34765	70(3869)283-11-64	38234	38234
62(5772)524-92-99078	4(77)059-93-63	685718	685718
96(157)941-58-88836	08(08)956-68-50	51053	51053
52(86)060-14-85351	664(0658)649-68-69	53283	53283
09(0415)941-20-78297	68(7746)031-53-01	3411350	3411350
076(91)444-69-55959	5(0159)130-72-77	1949687	1949687
1(95)261-09-07815	46(137)771-83-59	91445	91445
14(091)510-10-61184	54(650)719-89-15	8326900	8326900
4(2003)008-15-33003	793(16)936-12-06	17673	17673
195(96)675-41-58088	5(59)193-81-27	7874517	7874517
1(1263)068-00-82945	4(71)034-72-31	309697	309697
095(4900)097-01-51314	449(54)040-23-31	1461726	1461726
1(12)051-40-05063	58(914)444-82-62	622198	622198
64(446)476-61-81302	57(4838)431-76-48	4346900	4346900
24(868)649-28-58213	9(8982)374-10-14	8686912	8686912
74(51)699-90-24378	61(197)023-19-06	50150	50150
3(0020)052-27-59500	254(42)551-07-11	706951	706951
2(7287)115-90-72873	6(2902)039-45-84	98982	98982
7(038)142-75-37725	5(7982)287-48-45	7973749	7973749
122(48)455-33-83154	6(89)918-95-84	922272	922272
47(803)311-56-16949	6(2260)524-70-22	392148	392148
21(8611)420-97-47337	779(982)740-70-81	7770493	7770493
708(6402)427-73-55066	5(47)492-74-98	5025341	5025341
19(160)035-70-65939	17(97)959-13-32	933770	933770
534(1116)133-65-22682	3(25)294-93-31	5144228	5144228
86(56)051-05-64945	7(94)773-44-30	93218	93218
5(77)041-27-81040	43(6407)540-58-08	432743	432743
55(36)473-12-25821	1(0394)610-15-31	7675849	7675849
9(7039)173-12-37790	856(072)377-85-76	94160	94160
6(5416)414-73-57327	967(61)230-38-45	536442	536442
108(3917)977-93-54770	213(1109)772-34-90	7555917	7555917
22(9636)646-84-48849	58(1984)881-33-96	920708	920708
18(887)351-49-37833	34(445)221-67-06	4991373	4991373
0(950)955-89-54048	5(974)286-09-04	6738041	6738041
362(140)880-22-22517	693(68)177-48-41	317773	317773
97(45)000-49-87514	044(310)488-48-89	5184348	5184348
659(396)291-47-73488	491(500)771-51-34	312084	312084
8(1830)159-63-51205	7(8109)581-96-09	604104	604104
7(46)840-29-81969	58(9470)572-19-65	75599	75599
4(125)111-63-36953	3(145)809-90-60	17008	17008
0(39)313-12-38242	158(4264)126-32-29	5297054	5297054
64(35)426-88-54264	63(1979)690-29-94	248687	248687
9(735)584-31-85840	83(0944)715-04-45	6301923	6301923
8(338)276-69-21125	8(27)177-17-00	6375371	6375371
519(03)229-07-01665	445(4678)952-46-68	71159	71159
452(28)403-75-22713	7(4945)122-82-25	421018	421018
570(7157)137-18-23142	715(72)726-96-26	10129	10129
9(56)896-03-35033	43(92)438-76-79	9354927	9354927
495(0942)759-28-11078	276(290)987-68-39	99156	99156
585(191)350-84-55550	94(2309)475-04-50	9991002	9991002
372(91)112-01-89740	371(620)172-01-25	18371	18371
53(0385)305-48-81111	6(304)999-40-40	16669	16669
6(48)572-21-39679	1(739)599-77-17	693080	693080
173(14)524-73-68521	420(53)050-95-49	7969690	7969690
155(8802)796-40-48262	591(6580)798-51-54	1924378	1924378
243(8983)034-68-24637	74(377)372-82-28	44392	44392
06(57)392-58-40148	106(5486)747-99-14	26160	26160
2(23)694-94-13153	610(847)758-94-60	5684852	5684852
786(166)417-55-65888	39(7750)084-99-97	4531199	4531199
4(185)086-61-43907	08(8274)229-79-91	459815	459815
6(805)602-29-10156	9(06)017-86-78	471572	471572
4(84)401-94-10126	45(244)195-42-41	152811	152811
17(74)061-16-27351	4(334)914-18-37	523122	523122
46(877)188-31-58239	23(79)249-43-49	818342	818342
7(03)205-93-11857	80(2415)550-97-93	1337513	1337513
44(26)091-58-48746	55(6380)299-63-82	39514	39514
591(0784)933-77-72809	9(44)026-53-62	37499	37499
089(735)814-41-53131	9(8465)453-74-34	80533	80533
11(5953)431-23-01075	279(74)849-50-21	1514294	1514294
24(687)185-34-74324	5(04)793-24-70	75265	75265
663(7538)352-88-75553	047(17)811-76-03	920294	920294
713(61)940-80-71047	259(5021)150-62-05	3372	3372
24(8766)110-49-86393	52(601)123-82-64	239698	239698
62(6093)989-21-30916	14(75)947-55-37	6194	6194
67(6275)052-51-54753	91(17)293-31-61	338803	338803
8(07)116-13-27904	36(4122)722-57-78	37748	37748
31(22)577-01-56564	27(394)134-55-17	62182	62182
624(3096)664-11-73206	447(6024)463-13-16	2836	2836
536(511)759-47-33142	93(97)117-66-84	99835	99835
894(16)590-18-54409	38(35)591-05-42	7891589	7891589
20(798)317-73-65318	695(255)762-42-83	267857	267857
78(7805)594-55-65844	466(0106)266-69-52	6965373	6965373
32(8482)916-64-46692	7(80)715-42-84	727972	727972
552(45)887-25-15490	453(0298)906-28-93	36549	36549
19(35)896-59-84447	0(59)073-61-54	16718	16718
83(72)971-51-05524	48(86)169-65-92	9221061	9221061
698(940)352-72-75503	822(22)247-98-30	8878046	8878046
134(86)316-80-38887	76(6862)880-44-97	140317	140317
8(648)659-26-20755	8(5028)424-40-84	518016	518016
4(47)154-43-22151	51(10)308-20-36	66747	66747
155(204)775-42-15639	0(9059)367-51-16	151086	151086
70(14)475-99-21586	614(4684)933-96-00	27585	27585
803(791)067-35-21622	097(808)846-00-67	906469	906469
7(8368)734-41-35492	0(674)834-13-01	85630	85630
03(607)399-61-03996	81(562)585-95-60	929509	929509
73(178)036-95-00947	3(28)930-87-49	21977	21977
2(3199)922-99-86218	5(53)999-16-40	266405	266405
9(03)087-08-18848	3(836)680-58-35	139038	139038
5(0863)539-26-10611	00(166)095-98-76	313644	313644
487(58)769-14-16125	8(6370)868-91-62	6676515	6676515
664(5756)179-81-75433	337(4361)573-34-06	83899	83899
00(247)694-45-19566	9(66)649-53-02	2873675	2873675
3(213)216-74-03509	75(4447)616-35-08	1945320	1945320
576(61)225-79-28260	71(070)452-99-21	84097	84097
91(074)880-88-74546	96(410)263-80-89	3372751	3372751
5(479)610-98-12829	469(6699)510-44-11	931898	931898
034(1479)257-97-22102	87(9702)415-20-37	4427385	4427385
74(626)098-90-14939	25(95)003-05-82	4562050	4562050
219(8841)613-18-76503	204(02)275-32-83	87028	87028
13(13)526-49-95874	50(1277)888-84-60	352307	352307
26(9700)871-91-50481	8(59)713-47-76	3556038	3556038
260(0086)615-87-27538	12(10)471-96-97	8694	8694
2(417)118-39-09090	33(426)187-32-10	734184	734184
8(8493)760-30-96250	861(83)278-37-42	1711950	1711950
30(498)084-99-48732	95(5001)296-52-85	144206	144206
755(683)461-50-56505	6(27)673-36-60	97813	97813
45(853)316-58-31477	9(043)536-45-61	586704	586704
0(77)370-92-04740	8(70)934-09-23	8503540	8503540
3(478)344-75-84215	8(39)994-24-95	8530934	8530934
92(29)121-60-66101	4(86)679-74-90	2386446	2386446
70(15)804-23-68950	001(304)046-98-84	27062	27062
8(29)453-11-41309	452(398)688-17-90	7483	7483
10(7892)389-34-04217	922(36)306-39-57	36856	36856
4(87)025-32-47457	920(694)535-61-47	297576	297576
3(4503)375-80-65207	391(2866)398-96-68	4712286	4712286
8(11)531-28-60007	645(931)883-25-26	84322	84322
57(0155)514-82-29130	43(2041)302-06-19	699568	699568
9(608)684-65-92362	6(868)867-29-34	5500607	5500607
17(798)204-43-56313	89(6190)343-54-97	298857	298857
98(83)429-89-22096	24(0079)371-31-69	979058	979058
953(58)932-24-66447	586(7700)366-34-95	4351367	4351367
74(0469)896-57-51077	869(580)934-52-40	710840	710840
362(972)263-54-83429	1(8879)166-40-60	2567360	2567360
98(541)529-21-39498	569(27)675-13-75	90703	90703
1(488)363-89-32826	86(75)651-22-63	54909	54909
67(205)194-58-37081	623(146)626-13-09	703975	703975
612(40)839-09-47709	476(416)773-94-68	9047744	9047744
659(944)251-44-75790	9(41)003-37-46	34052	34052
081(81)585-55-20480	352(18)357-13-00	16073	16073
331(4531)001-91-90281	788(0286)806-64-34	447346	447346
493(56)941-98-41687	970(66)145-44-61	47213	47213
080(99)905-81-33163	5(9527)662-33-76	549306	549306
247(6650)294-10-32131	655(612)266-71-39	171787	171787
31(13)550-83-33009	89(411)889-12-77	31454	31454
604(0901)326-47-96710	3(59)620-99-67	78309	78309
6(159)905-87-19200	9(685)272-95-09	7516572	7516572
1(54)191-15-93609	274(07)065-36-43	80380	80380
2(264)130-32-24345	14(801)041-34-63	4988	4988
90(1903)061-06-52179	36(89)672-22-69	962938	962938
01(0512)475-97-59859	939(774)153-28-79	397453	397453
0(82)473-55-30649	1(83)757-58-07	337178	337178
00(0565)314-27-44843	05(44)111-02-63	21104	21104
5(8934)407-36-84680	41(637)692-17-80	67616	67616
4(661)363-10-62631	649(73)457-55-92	203175	203175
65(0664)489-38-27583	470(3379)622-40-22	298697	298697
76(08)609-92-56847	62(4538)046-06-65	107187	107187
11(6079)964-80-05725	64(0260)833-95-65	55167	55167
61(618)876-51-87947	8(647)570-27-78	879863	879863
367(05)108-46-30806	1(786)569-40-23	92991	92991
9(8654)328-89-51622	89(7351)178-19-68	5272902	5272902
738(1345)260-25-91255	994(8074)687-92-37	67748	67748
8(9675)470-15-40454	1(566)844-94-08	263504	263504
181(9438)632-72-07972	0(7767)041-92-01	9799172	9799172
209(634)989-06-18661	83(3930)149-18-09	548515	548515
27(4515)024-85-47811	0(8845)505-52-66	96353	96353
10(10)395-91-02987	504(9894)341-25-13	166615	166615
92(051)067-97-82885	91(478)845-10-29	856637	856637
9(399)095-98-23850	24(233)361-58-67	82280	82280
018(75)442-22-73226	2(4611)209-81-90	9049029	9049029
2(1140)748-24-72553	5(695)222-93-87	95565	95565
1(75)084-31-69288	5(22)945-47-63	50172	50172
03(019)346-69-19232	83(980)765-08-89	8017981	8017981
899(3289)181-58-50860	6(3175)148-79-53	8672018	8672018
953(555)987-77-75103	1(67)478-23-32	7854804	7854804
2(840)915-62-36772	1(57)897-43-89	1199017	1199017
2(9177)545-64-86735	5(7918)864-33-25	55427	55427
3(14)861-44-86604	580(1640)489-76-90	8787552	8787552
21(268)236-91-94336	8(2064)281-60-74	90371	90371
84(557)345-48-17059	65(71)862-66-03	615220	615220
370(3983)161-75-60018	05(884)238-04-51	86289	86289
5(59)762-36-97404	9(8505)843-10-01	7784307	7784307
930(476)222-33-13839	62(1086)094-14-92	84668	84668
4(61)592-89-21330	9(438)806-21-43	723239	723239
51(60)764-50-96491	1(26)680-01-36	269160	269160
623(16)192-42-21843	5(8785)135-04-22	2450567	2450567
43(08)174-67-53387	66(8805)736-74-94	59385	59385
03(229)518-46-19051	426(01)259-29-15	8222	8222
3(2038)921-89-69331	81(604)625-20-01	4875359	4875359
28(46)085-03-62664	86(4876)911-10-26	956121	956121
934(6575)696-85-86723	08(79)957-57-75	81205	81205
21(3555)209-14-41009	235(8364)556-76-84	14467	14467
26(841)189-42-26152	9(37)967-72-44	15652	15652
149(41)836-82-21880	461(5921)870-44-63	58146	58146
97(879)963-48-06307	921(032)099-54-60	78504	78504
236(058)671-70-04591	8(7829)062-40-97	11651	11651
00(45)423-50-07373	900(04)745-60-03	739059	739059
21(9886)914-83-99413	2(09)282-35-47	18232	18232
1(2442)162-50-56744	45(365)690-44-61	18133	18133
14(384)830-97-00625	64(866)697-82-23	34819	34819
4(20)717-38-28442	8(6302)697-73-23	57544	57544
713(064)441-16-61163	70(3869)283-11-64	38234	38234
9(37)104-54-65288	4(77)059-93-63	685718	685718
85(9940)162-23-65278	08(08)956-68-50	51053	51053
3(07)441-72-93143	664(0658)649-68-69	53283	53283
4(1587)114-64-25456	68(7746)031-53-01	3411350	3411350
22(6468)908-20-30198	5(0159)130-72-77	1949687	1949687
601(75)398-93-12376	46(137)771-83-59	91445	91445
609(9273)921-99-20095	54(650)719-89-15	8326900	8326900
25(29)421-12-82152	793(16)936-12-06	17673	17673
35(3782)037-99-12434	5(59)193-81-27	7874517	7874517
79(908)303-54-60198	4(71)034-72-31	309697	309697
259(295)207-64-56146	449(54)040-23-31	1461726	1461726
2(05)526-62-46496	58(914)444-82-62	622198	622198
1(758)352-81-43846	57(4838)431-76-48	4346900	4346900
423(40)744-24-03570	9(8982)374-10-14	8686912	8686912
5(4113)670-03-95535	61(197)023-19-06	50150	50150
3(77)917-37-43902	254(42)551-07-11	706951	706951
14(4045)846-47-14142	6(2902)039-45-84	98982	98982
121(5939)422-67-00856	5(7982)287-48-45	7973749	7973749
305(8730)593-80-23963	6(89)918-95-84	922272	922272
151(2180)401-55-94324	6(2260)524-70-22	392148	392148
83(6419)822-08-38146	779(982)740-70-81	7770493	7770493
2(23)721-05-66395	5(47)492-74-98	5025341	5025341
479(6106)341-81-30353	17(97)959-13-32	933770	933770
3(241)048-63-23309	3(25)294-93-31	5144228	5144228
15(407)103-56-65938	7(94)773-44-30	93218	93218
46(851)745-84-09064	43(6407)540-58-08	432743	432743
3(2417)830-11-45804	1(0394)610-15-31	7675849	7675849
17(62)030-10-52324	856(072)377-85-76	94160	94160
328(58)738-63-29591	967(61)230-38-45	536442	536442
2(26)477-60-01843	213(1109)772-34-90	7555917	7555917
696(6072)029-03-13540	58(1984)881-33-96	920708	920708
875(855)994-58-04402	34(445)221-67-06	4991373	4991373
439(334)897-67-41226	5(974)286-09-04	6738041	6738041
967(163)149-88-38171	693(68)177-48-41	317773	317773
40(163)869-54-81223	044(310)488-48-89	5184348	5184348
699(98)260-97-74725	491(500)771-51-34	312084	312084
62(21)709-93-28928	7(8109)581-96-09	604104	604104
1(842)406-88-84256	58(9470)572-19-65	75599	75599
78(492)242-26-02871	3(145)809-90-60	17008	17008
0(70)595-01-07785	158(4264)126-32-29	5297054	5297054
2(367)904-02-37367	63(1979)690-29-94	248687	248687
38(97)995-67-32768	83(0944)715-04-45	6301923	6301923
3(926)286-02-37666	8(27)177-17-00	6375371	6375371
64(53)201-58-83019	445(4678)952-46-68	71159	71159
353(406)333-90-95411	7(4945)122-82-25	421018	421018
949(98)280-28-48103	715(72)726-96-26	10129	10129
6(40)403-05-51456	43(92)438-76-79	9354927	9354927
65(58)609-09-00217	276(290)987-68-39	99156	99156
6(6080)463-81-92844	94(2309)475-04-50	9991002	9991002
36(35)351-57-98464	371(620)172-01-25	18371	18371
55(929)481-23-56626	6(304)999-40-40	16669	16669
7(3398)875-52-00770	1(739)599-77-17	693080	693080
6(4596)525-79-55698	420(53)050-95-49	7969690	7969690
80(558)695-39-50896	591(6580)798-51-54	1924378	1924378
654(0176)456-04-63912	74(377)372-82-28	44392	44392
822(27)079-83-43154	106(5486)747-99-14	26160	26160
123(8314)160-74-30657	610(847)758-94-60	5684852	5684852
648(738)838-95-27368	39(7750)084-99-97	4531199	4531199
493(788)535-40-93576	08(8274)229-79-91	459815	459815
64(541)144-02-90548	9(06)017-86-78	471572	471572
36(6137)729-45-59113	45(244)195-42-41	152811	152811
95(4603)684-01-19822	4(334)914-18-37	523122	523122
40(3439)507-80-26486	23(79)249-43-49	818342	818342
537(3802)352-75-91930	80(2415)550-97-93	1337513	1337513
81(71)361-05-63266	55(6380)299-63-82	39514	39514
7(7149)990-92-02123	9(44)026-53-62	37499	37499
362(83)578-14-89360	9(8465)453-74-34	80533	80533
597(068)993-28-69077	279(74)849-50-21	1514294	1514294
22(04)938-64-62437	5(04)793-24-70	75265	75265
06(059)462-43-09620	047(17)811-76-03	920294	920294
757(43)150-52-55815	259(5021)150-62-05	3372	3372
08(7030)263-34-19123	52(601)123-82-64	239698	239698
85(9025)161-57-94407	14(75)947-55-37	6194	6194
10(53)727-96-18117	91(17)293-31-61	338803	338803
3(74)807-84-18260	36(4122)722-57-78	37748	37748
8(653)235-41-76999	27(394)134-55-17	62182	62182
6(155)300-23-73669	447(6024)463-13-16	2836	2836
1(24)787-44-74490	93(97)117-66-84	99835	99835
154(95)188-44-44767	38(35)591-05-42	7891589	7891589
037(1238)876-78-22827	695(255)762-42-83	267857	267857
367(0238)078-44-75703	466(0106)266-69-52	6965373	6965373
7(7861)837-16-91611	7(80)715-42-84	727972	727972
2(018)152-00-32709	453(0298)906-28-93	36549	36549
70(6347)397-50-77778	0(59)073-61-54	16718	16718
20(40)838-82-46323	48(86)169-65-92	9221061	9221061
717(04)124-80-23234	822(22)247-98-30	8878046	8878046
35(743)992-23-99470	76(6862)880-44-97	140317	140317
27(414)486-73-31878	8(5028)424-40-84	518016	518016
1(2114)048-85-30295	51(10)308-20-36	66747	66747
30(2765)748-67-94015	0(9059)367-51-16	151086	151086
56(3546)651-09-19185	614(4684)933-96-00	27585	27585
931(9874)803-37-27264	097(808)846-00-67	906469	906469
300(913)088-91-97185	0(674)834-13-01	85630	85630
63(0743)799-63-07798	81(562)585-95-60	929509	929509
1(8990)727-28-46643	3(28)930-87-49	21977	21977
7(8795)927-91-70160	5(53)999-16-40	266405	266405
7(7970)164-60-54942	3(836)680-58-35	139038	139038
027(06)875-57-52732	00(166)095-98-76	313644	313644
30(0541)805-09-53784	8(6370)868-91-62	6676515	6676515
23(78)317-73-31401	337(4361)573-34-06	83899	83899
4(13)743-38-01254	9(66)649-53-02	2873675	2873675
72(766)308-45-96539	75(4447)616-35-08	1945320	1945320
634(68)701-34-70727	71(070)452-99-21	84097	84097
93(9114)804-77-01218	96(410)263-80-89	3372751	3372751
0(128)093-37-62032	469(6699)510-44-11	931898	931898
4(3387)582-89-09060	87(9702)415-20-37	4427385	4427385
5(349)159-29-14497	25(95)003-05-82	4562050	4562050
748(31)311-38-16389	204(02)275-32-83	87028	87028
760(522)776-44-39362	50(1277)888-84-60	352307	352307
75(994)678-66-62608	8(59)713-47-76	3556038	3556038
355(10)497-02-18877	12(10)471-96-97	8694	8694
283(79)422-40-17577	33(426)187-32-10	734184	734184
721(0292)709-52-79258	861(83)278-37-42	1711950	1711950
901(031)092-71-45164	95(5001)296-52-85	144206	144206
72(686)780-68-97937	6(27)673-36-60	97813	97813
5(347)516-77-01535	9(043)536-45-61	586704	586704
1(79)758-72-80015	8(70)934-09-23	8503540	8503540
40(56)130-25-66097	8(39)994-24-95	8530934	8530934
6(2421)592-50-80581	4(86)679-74-90	2386446	2386446
4(285)321-31-95868	001(304)046-98-84	27062	27062
9(4486)959-53-16769	452(398)688-17-90	7483	7483
24(5526)851-68-05344	922(36)306-39-57	36856	36856
4(549)666-25-25900	920(694)535-61-47	297576	297576
37(12)812-45-79613	391(2866)398-96-68	4712286	4712286
6(020)559-05-00137	645(931)883-25-26	84322	84322
5(43)688-47-46162	43(2041)302-06-19	699568	699568
74(400)054-06-88849	6(868)867-29-34	5500607	5500607
8(96)334-04-12987	89(6190)343-54-97	298857	298857
37(880)872-75-66858	24(0079)371-31-69	979058	979058
181(210)403-14-69957	586(7700)366-34-95	4351367	4351367
866(32)901-87-36999	869(580)934-52-40	710840	710840
9(49)643-54-83369	1(8879)166-40-60	2567360	2567360
7(33)351-19-70861	569(27)675-13-75	90703	90703
958(228)671-03-11044	86(75)651-22-63	54909	54909
78(99)609-22-72858	623(146)626-13-09	703975	703975
8(8540)817-96-14405	476(416)773-94-68	9047744	9047744
0(904)224-08-31600	9(41)003-37-46	34052	34052
4(73)428-67-26256	352(18)357-13-00	16073	16073
573(0531)620-62-11295	788(0286)806-64-34	447346	447346
47(05)671-35-70850	970(66)145-44-61	47213	47213
81(5481)039-98-33674	5(9527)662-33-76	549306	549306
3(84)425-37-67675	655(612)266-71-39	171787	171787
2(38)772-51-62803	89(411)889-12-77	31454	31454
1(66)919-77-74525	3(59)620-99-67	78309	78309
596(6412)844-98-61037	9(685)272-95-09	7516572	7516572
397(74)360-02-07161	274(07)065-36-43	80380	80380
9(1311)822-20-95066	14(801)041-34-63	4988	4988
101(1201)180-57-77198	36(89)672-22-69	962938	962938
81(115)223-93-41153	939(774)153-28-79	397453	397453
7(45)920-64-05786	1(83)757-58-07	337178	337178
08(7010)541-70-40774	05(44)111-02-63	21104	21104
0(501)167-93-10107	41(637)692-17-80	67616	67616
2(2724)285-95-02547	649(73)457-55-92	203175	203175
57(2575)768-48-02184	470(3379)622-40-22	298697	298697
46(959)853-51-93919	62(4538)046-06-65	107187	107187
664(49)512-45-78217	64(0260)833-95-65	55167	55167
076(117)571-44-81916	8(647)570-27-78	879863	879863
210(653)841-65-82194	1(786)569-40-23	92991	92991
096(41)601-39-45991	89(7351)178-19-68	5272902	5272902
35(76)351-45-64561	994(8074)687-92-37	67748	67748
128(3902)613-76-72959	1(566)844-94-08	263504	263504
851(17)639-45-12342	0(7767)041-92-01	9799172	9799172
66(80)479-42-94045	83(3930)149-18-09	548515	548515
52(26)722-05-72949	0(8845)505-52-66	96353	96353
296(7629)600-14-64691	504(9894)341-25-13	166615	166615
730(8707)074-93-16046	91(478)845-10-29	856637	856637
07(2147)396-03-68239	24(233)361-58-67	82280	82280
596(9016)527-69-49197	2(4611)209-81-90	9049029	9049029
3(6302)261-21-19000	5(695)222-93-87	95565	95565
6(89)593-51-22159	5(22)945-47-63	50172	50172
900(27)585-49-65126	83(980)765-08-89	8017981	8017981
1(518)213-37-32732	6(3175)148-79-53	8672018	8672018
603(89)852-08-80936	1(67)478-23-32	7854804	7854804
2(3307)497-82-75217	1(57)897-43-89	1199017	1199017
0(867)469-49-54128	5(7918)864-33-25	55427	55427
35(744)611-83-99348	580(1640)489-76-90	8787552	8787552
1(4768)139-41-47605	8(2064)281-60-74	90371	90371
5(67)502-44-63480	65(71)862-66-03	615220	615220
567(80)216-08-76828	05(884)238-04-51	86289	86289
91(03)409-88-07464	9(8505)843-10-01	7784307	7784307
558(7485)444-20-44147	62(1086)094-14-92	84668	84668
2(6957)678-55-48829	9(438)806-21-43	723239	723239
751(059)523-24-59144	1(26)680-01-36	269160	269160
517(639)114-89-00305	5(8785)135-04-22	2450567	2450567
9(52)972-12-71899	66(8805)736-74-94	59385	59385
5(20)353-25-35698	426(01)259-29-15	8222	8222
93(3355)736-53-68990	81(604)625-20-01	4875359	4875359
445(6012)013-04-13869	86(4876)911-10-26	956121	956121
43(06)856-95-03070	08(79)957-57-75	81205	81205
9(994)993-27-02145	235(8364)556-76-84	14467	14467
5(84)431-47-22831	9(37)967-72-44	15652	15652
2(75)683-48-55307	461(5921)870-44-63	58146	58146
152(9693)262-57-48814	921(032)099-54-60	78504	78504
821(17)576-49-17713	8(7829)062-40-97	11651	11651
579(05)446-68-54077	900(04)745-60-03	739059	739059
4(7232)499-62-61052	2(09)282-35-47	18232	18232
1(55)233-64-04651	45(365)690-44-61	18133	18133
74(9958)857-90-09115	64(866)697-82-23	34819	34819
970(444)191-57-62768	8(6302)697-73-23	57544	57544
27(06)063-22-02915	70(3869)283-11-64	38234	38234
50(794)705-47-40911	4(77)059-93-63	685718	685718
830(636)568-10-41411	08(08)956-68-50	51053	51053
490(47)476-66-49795	664(0658)649-68-69	53283	53283
5(622)370-88-17317	68(7746)031-53-01	3411350	3411350
55(0246)856-71-73536	5(0159)130-72-77	1949687	1949687
194(73)565-20-08910	46(137)771-83-59	91445	91445
79(35)524-06-07801	54(650)719-89-15	8326900	8326900
8(331)629-41-14583	793(16)936-12-06	17673	17673
297(2278)472-67-11143	5(59)193-81-27	7874517	7874517
1(057)020-40-23806	4(71)034-72-31	309697	309697
7(322)907-11-24130	449(54)040-23-31	1461726	1461726
9(3904)178-97-40503	58(914)444-82-62	622198	622198
297(69)836-13-81121	57(4838)431-76-48	4346900	4346900
7(344)183-79-66253	9(8982)374-10-14	8686912	8686912
13(0661)522-84-45989	61(197)023-19-06	50150	50150
11(49)054-69-97297	254(42)551-07-11	706951	706951
599(21)664-64-40553	6(2902)039-45-84	98982	98982
440(8688)072-93-28450	5(7982)287-48-45	7973749	7973749
26(8129)826-27-72641	6(89)918-95-84	922272	922272
92(21)409-01-42721	6(2260)524-70-22	392148	392148
506(226)096-40-03226	779(982)740-70-81	7770493	7770493
70(706)344-43-95938	5(47)492-74-98	5025341	5025341
0(2947)513-77-85833	17(97)959-13-32	933770	933770
952(077)273-19-49243	3(25)294-93-31	5144228	5144228
481(6962)956-81-92160	7(94)773-44-30	93218	93218
9(5079)933-98-21690	43(6407)540-58-08	432743	432743
1(1740)339-03-00161	1(0394)610-15-31	7675849	7675849
517(5778)378-68-67508	856(072)377-85-76	94160	94160
41(554)606-46-82530	967(61)230-38-45	536442	536442
1(6872)303-48-78013	213(1109)772-34-90	7555917	7555917
59(66)349-87-91888	58(1984)881-33-96	920708	920708
504(1739)296-55-15781	34(445)221-67-06	4991373	4991373
15(024)120-88-13821	5(974)286-09-04	6738041	6738041
2(322)745-53-69413	693(68)177-48-41	317773	317773
47(6074)886-09-83525	044(310)488-48-89	5184348	5184348
233(8647)616-08-37901	491(500)771-51-34	312084	312084
804(9325)848-17-69307	7(8109)581-96-09	604104	604104
68(77)464-64-36936	58(9470)572-19-65	75599	75599
6(84)764-35-73329	3(145)809-90-60	17008	17008
4(9816)707-40-00262	158(4264)126-32-29	5297054	5297054
1(8731)156-44-88187	63(1979)690-29-94	248687	248687
4(05)559-58-58078	83(0944)715-04-45	6301923	6301923
510(3558)372-24-56561	8(27)177-17-00	6375371	6375371
17(75)656-44-16599	445(4678)952-46-68	71159	71159
4(1853)997-56-99862	7(4945)122-82-25	421018	421018
21(87)292-79-28409	715(72)726-96-26	10129	10129
6(353)190-08-63394	43(92)438-76-79	9354927	9354927
72(01)807-64-86740	276(290)987-68-39	99156	99156
0(223)219-65-80152	94(2309)475-04-50	9991002	9991002
64(4471)587-08-91113	371(620)172-01-25	18371	18371
46(321)328-66-40595	6(304)999-40-40	16669	16669
0(883)720-84-43819	1(739)599-77-17	693080	693080
4(57)339-83-47978	420(53)050-95-49	7969690	7969690
57(4494)496-30-56461	591(6580)798-51-54	1924378	1924378
9(582)308-08-35609	74(377)372-82-28	44392	44392
0(343)845-48-25010	106(5486)747-99-14	26160	26160
02(334)170-77-98841	610(847)758-94-60	5684852	5684852
8(12)519-01-01803	39(7750)084-99-97	4531199	4531199
47(8958)385-23-75186	08(8274)229-79-91	459815	459815
52(437)466-70-05894	9(06)017-86-78	471572	471572
81(7690)422-17-83326	45(244)195-42-41	152811	152811
8(74)753-54-89397	4(334)914-18-37	523122	523122
6(1924)310-74-33514	23(79)249-43-49	818342	818342
5(007)555-84-29000	80(2415)550-97-93	1337513	1337513
2(356)317-77-81045	55(6380)299-63-82	39514	39514
5(60)292-58-25937	9(44)026-53-62	37499	37499
63(06)731-55-20035	9(8465)453-74-34	80533	80533
0(025)845-34-90954	279(74)849-50-21	1514294	1514294
5(52)680-98-02443	5(04)793-24-70	75265	75265
5(684)475-38-58264	047(17)811-76-03	920294	920294
17(8587)908-33-88047	259(5021)150-62-05	3372	3372
51(14)634-27-74463	52(601)123-82-64	239698	239698
4(53)375-25-67203	14(75)947-55-37	6194	6194
24(3017)858-31-24639	91(17)293-31-61	338803	338803
526(52)258-69-10851	36(4122)722-57-78	37748	37748
258(4206)605-66-83835	27(394)134-55-17	62182	62182
61(216)914-94-07249	447(6024)463-13-16	2836	2836
15(2168)972-53-96818	93(97)117-66-84	99835	99835
47(960)433-37-59770	38(35)591-05-42	7891589	7891589
5(2327)246-32-18087	695(255)762-42-83	267857	267857
861(04)547-24-08421	466(0106)266-69-52	6965373	6965373
8(62)781-24-59616	7(80)715-42-84	727972	727972
28(849)413-32-58239	453(0298)906-28-93	36549	36549
696(199)867-50-03688	0(59)073-61-54	16718	16718
02(4599)233-19-37446	48(86)169-65-92	9221061	9221061
05(8008)772-38-40200	822(22)247-98-30	8878046	8878046
4(58)511-96-82732	76(6862)880-44-97	140317	140317
43(801)495-42-54407	8(5028)424-40-84	518016	518016
8(50)470-74-40083	51(10)308-20-36	66747	66747
64(7962)988-38-53769	0(9059)367-51-16	151086	151086
845(1032)265-91-26099	614(4684)933-96-00	27585	27585
87(26)634-51-29721	097(808)846-00-67	906469	906469
537(9370)316-24-40766	0(674)834-13-01	85630	85630
20(8218)396-93-47285	81(562)585-95-60	929509	929509
48(119)162-81-58030	3(28)930-87-49	21977	21977
2(61)641-47-09058	5(53)999-16-40	266405	266405
69(112)940-85-48769	3(836)680-58-35	139038	139038
76(17)984-03-25921	00(166)095-98-76	313644	313644
4(637)130-00-69536	8(6370)868-91-62	6676515	6676515
53(42)558-14-12655	337(4361)573-34-06	83899	83899
8(806)174-12-87841	9(66)649-53-02	2873675	2873675
935(845)570-03-29700	75(4447)616-35-08	1945320	1945320
91(42)304-71-37491	71(070)452-99-21	84097	84097
37(8579)986-08-10034	96(410)263-80-89	3372751	3372751
9(2354)296-42-01086	469(6699)510-44-11	931898	931898
857(2853)573-86-11965	87(9702)415-20-37	4427385	4427385
943(735)215-07-27902	25(95)003-05-82	4562050	4562050
8(0267)760-33-98635	204(02)275-32-83	87028	87028
8(208)719-61-29000	50(1277)888-84-60	352307	352307
6(6446)756-49-24866	8(59)713-47-76	3556038	3556038
485(828)291-21-89823	12(10)471-96-97	8694	8694
01(65)997-55-60416	33(426)187-32-10	734184	734184
4(463)853-83-52863	861(83)278-37-42	1711950	1711950
387(75)317-73-40785	95(5001)296-52-85	144206	144206
20(83)292-06-58946	6(27)673-36-60	97813	97813
1(95)727-13-50882	9(043)536-45-61	586704	586704
113(33)490-29-49162	8(70)934-09-23	8503540	8503540
1(743)889-67-15838	8(39)994-24-95	8530934	8530934
6(50)630-13-18529	4(86)679-74-90	2386446	2386446
0(592)891-04-04310	001(304)046-98-84	27062	27062
61(2574)923-12-42691	452(398)688-17-90	7483	7483
308(135)666-23-79627	922(36)306-39-57	36856	36856
1(248)901-92-02387	920(694)535-61-47	297576	297576
13(89)024-08-77884	391(2866)398-96-68	4712286	4712286
3(62)716-74-95247	645(931)883-25-26	84322	84322
45(168)673-46-29752	43(2041)302-06-19	699568	699568
85(91)413-65-02968	6(868)867-29-34	5500607	5500607
2(793)493-36-95071	89(6190)343-54-97	298857	298857
7(91)288-31-80902	24(0079)371-31-69	979058	979058
72(8682)514-59-56685	586(7700)366-34-95	4351367	4351367
287(28)270-53-87263	869(580)934-52-40	710840	710840
9(51)003-77-22541	1(8879)166-40-60	2567360	2567360
6(166)612-48-41141	569(27)675-13-75	90703	90703
92(03)708-06-32996	86(75)651-22-63	54909	54909
6(92)272-68-30980	623(146)626-13-09	703975	703975
1(57)560-10-21082	476(416)773-94-68	9047744	9047744
12(5457)411-30-15120	9(41)003-37-46	34052	34052
165(85)953-11-43907	352(18)357-13-00	16073	16073
78(9939)803-99-45463	788(0286)806-64-34	447346	447346
1(54)698-69-52742	970(66)145-44-61	47213	47213
356(477)628-19-22057	5(9527)662-33-76	549306	549306
94(713)407-67-11355	655(612)266-71-39	171787	171787
2(7579)014-59-95432	89(411)889-12-77	31454	31454
66(6453)761-27-41599	3(59)620-99-67	78309	78309
49(955)091-35-79544	9(685)272-95-09	7516572	7516572
7(74)025-27-51291	274(07)065-36-43	80380	80380
974(7491)614-15-59533	14(801)041-34-63	4988	4988
463(388)804-77-95534	36(89)672-22-69	962938	962938
318(2331)756-11-08596	939(774)153-28-79	397453	397453
8(6555)185-82-76099	1(83)757-58-07	337178	337178
19(66)861-36-85461	05(44)111-02-63	21104	21104
1(1257)846-84-62564	41(637)692-17-80	67616	67616
2(0994)899-41-05818	649(73)457-55-92	203175	203175
88(35)723-38-85166	470(3379)622-40-22	298697	298697
6(64)681-64-98237	62(4538)046-06-65	107187	107187
6(67)911-89-69531	64(0260)833-95-65	55167	55167
3(6345)195-92-87357	8(647)570-27-78	879863	879863
2(037)248-87-90177	1(786)569-40-23	92991	92991
22(32)344-08-98824	89(7351)178-19-68	5272902	5272902
527(6574)852-50-58190	994(8074)687-92-37	67748	67748
352(422)472-09-98655	1(566)844-94-08	263504	263504
0(639)879-78-61495	0(7767)041-92-01	9799172	9799172
171(536)251-80-28482	83(3930)149-18-09	548515	548515
60(58)294-15-23249	0(8845)505-52-66	96353	96353
762(13)267-65-90102	504(9894)341-25-13	166615	166615
920(7240)745-52-17231	91(478)845-10-29	856637	856637
5(9138)494-28-72845	24(233)361-58-67	82280	82280
4(99)418-24-14561	2(4611)209-81-90	9049029	9049029
84(092)212-59-70221	5(695)222-93-87	95565	95565
1(6359)633-35-81012	5(22)945-47-63	50172	50172
472(075)770-99-16642	83(980)765-08-89	8017981	8017981
18(5243)446-49-47544	6(3175)148-79-53	8672018	8672018
2(83)847-59-91181	1(67)478-23-32	7854804	7854804
16(4141)353-90-70308	1(57)897-43-89	1199017	1199017
17(93)951-86-89274	5(7918)864-33-25	55427	55427
25(61)521-55-14221	580(1640)489-76-90	8787552	8787552
24(196)649-92-43404	8(2064)281-60-74	90371	90371
1(6381)051-37-45297	65(71)862-66-03	615220	615220
5(8978)117-16-83346	05(884)238-04-51	86289	86289
6(226)011-20-85664	9(8505)843-10-01	7784307	7784307
42(6457)304-87-65397	62(1086)094-14-92	84668	84668
9(10)130-45-49414	9(438)806-21-43	723239	723239
506(089)663-08-53754	1(26)680-01-36	269160	269160
261(07)018-49-45595	5(8785)135-04-22	2450567	2450567
91(55)304-06-89940	66(8805)736-74-94	59385	59385
5(9598)824-42-08128	426(01)259-29-15	8222	8222
791(3142)371-52-85883	81(604)625-20-01	4875359	4875359
662(92)157-82-79001	86(4876)911-10-26	956121	956121
32(1453)020-49-70289	08(79)957-57-75	81205	81205
70(59)293-30-97388	235(8364)556-76-84	14467	14467
320(418)986-88-16911	9(37)967-72-44	15652	15652
448(8875)649-96-04112	461(5921)870-44-63	58146	58146
11(99)594-78-81679	921(032)099-54-60	78504	78504
45(0970)747-97-20840	8(7829)062-40-97	11651	11651
757(25)328-37-28438	900(04)745-60-03	739059	739059
3(081)640-48-03661	2(09)282-35-47	18232	18232
860(98)605-14-33774	45(365)690-44-61	18133	18133
94(35)250-92-17088	64(866)697-82-23	34819	34819
7(946)617-99-54548	8(6302)697-73-23	57544	57544
835(96)188-27-65524	70(3869)283-11-64	38234	38234
995(75)395-78-36197	4(77)059-93-63	685718	685718
6(2454)196-34-63413	08(08)956-68-50	51053	51053
7(46)241-96-06763	664(0658)649-68-69	53283	53283
094(04)484-73-61533	68(7746)031-53-01	3411350	3411350
0(35)223-99-92902	5(0159)130-72-77	1949687	1949687
3(72)675-93-65705	46(137)771-83-59	91445	91445
183(167)573-48-57285	54(650)719-89-15	8326900	8326900
61(21)863-91-10055	793(16)936-12-06	17673	17673
1(271)200-02-95667	5(59)193-81-27	7874517	7874517
884(4766)774-29-66137	4(71)034-72-31	309697	309697
577(071)385-16-99175	449(54)040-23-31	1461726	1461726
625(55)160-93-67127	58(914)444-82-62	622198	622198
342(03)939-68-82043	57(4838)431-76-48	4346900	4346900
90(6179)410-29-36156	9(8982)374-10-14	8686912	8686912
36(3361)769-45-02119	61(197)023-19-06	50150	50150
9(206)433-90-93677	254(42)551-07-11	706951	706951
496(55)068-27-84726	6(2902)039-45-84	98982	98982
981(21)159-92-94256	5(7982)287-48-45	7973749	7973749
038(2140)231-92-01533	6(89)918-95-84	922272	922272
486(158)151-19-08213	6(2260)524-70-22	392148	392148
6(684)864-19-26891	779(982)740-70-81	7770493	7770493
503(557)567-69-03461	5(47)492-74-98	5025341	5025341
606(25)842-94-70735	17(97)959-13-32	933770	933770
1(87)479-71-68129	3(25)294-93-31	5144228	5144228
313(978)159-98-52070	7(94)773-44-30	93218	93218
644(262)750-58-18415	43(6407)540-58-08	432743	432743
1(8167)974-95-14077	1(0394)610-15-31	7675849	7675849
984(993)872-41-41058	856(072)377-85-76	94160	94160
375(7192)798-67-31624	967(61)230-38-45	536442	536442
020(346)051-32-72082	213(1109)772-34-90	7555917	7555917
9(1859)763-14-44498	58(1984)881-33-96	920708	920708
629(33)064-98-78797	34(445)221-67-06	4991373	4991373
98(52)077-46-54374	5(974)286-09-04	6738041	6738041
17(2441)100-07-49555	693(68)177-48-41	317773	317773
854(011)498-91-68312	044(310)488-48-89	5184348	5184348
34(452)583-05-16076	491(500)771-51-34	312084	312084
8(68)597-42-87711	7(8109)581-96-09	604104	604104
6(541)829-98-07525	58(9470)572-19-65	75599	75599
847(348)264-47-71335	3(145)809-90-60	17008	17008
83(7378)306-08-08343	158(4264)126-32-29	5297054	5297054
1(850)319-77-55133	63(1979)690-29-94	248687	248687
11(422)133-48-67925	83(0944)715-04-45	6301923	6301923
31(5172)341-79-29561	8(27)177-17-00	6375371	6375371
121(790)939-46-14121	445(4678)952-46-68	71159	71159
95(0273)292-90-51520	7(4945)122-82-25	421018	421018
60(5556)691-09-68095	715(72)726-96-26	10129	10129
0(2373)890-95-69424	43(92)438-76-79	9354927	9354927
8(686)726-71-11293	276(290)987-68-39	99156	99156
77(663)205-62-07153	94(2309)475-04-50	9991002	9991002
117(756)688-04-58724	371(620)172-01-25	18371	18371
7(1343)149-54-06154	6(304)999-40-40	16669	16669
134(1437)107-37-44188	1(739)599-77-17	693080	693080
03(586)015-72-81206	420(53)050-95-49	7969690	7969690
88(8606)580-44-07955	591(6580)798-51-54	1924378	1924378
75(2391)220-81-95966	74(377)372-82-28	44392	44392
81(868)384-94-15149	106(5486)747-99-14	26160	26160
6(385)947-91-35950	610(847)758-94-60	5684852	5684852
197(825)313-80-54483	39(7750)084-99-97	4531199	4531199
024(1517)683-87-04529	08(8274)229-79-91	459815	459815
612(179)625-65-93744	9(06)017-86-78	471572	471572
01(30)345-64-42567	45(244)195-42-41	152811	152811
372(9755)921-46-15955	4(334)914-18-37	523122	523122
805(497)557-92-98274	23(79)249-43-49	818342	818342
349(867)520-51-01651	80(2415)550-97-93	1337513	1337513
57(2612)390-13-40827	55(6380)299-63-82	39514	39514
63(6997)621-08-99151	9(44)026-53-62	37499	37499
14(16)564-84-15792	9(8465)453-74-34	80533	80533
99(5296)852-46-55186	279(74)849-50-21	1514294	1514294
524(08)550-72-07969	5(04)793-24-70	75265	75265
206(2048)672-32-48256	047(17)811-76-03	920294	920294
12(944)306-22-78008	259(5021)150-62-05	3372	3372
84(67)923-18-95920	52(601)123-82-64	239698	239698
21(446)422-62-12783	91(17)293-31-61	338803	338803
1(117)275-21-18423	36(4122)722-57-78	37748	37748
601(33)550-23-35596	27(394)134-55-17	62182	62182
679(215)096-38-24037	447(6024)463-13-16	2836	2836
1(1709)594-23-55360	38(35)591-05-42	7891589	7891589
115(907)532-24-49510	695(255)762-42-83	267857	267857
15(678)328-38-95365	466(0106)266-69-52	6965373	6965373
uiyjghbf123	uiyjghbf123	uiyjghbf123	uiyjghbf123	
455911123	455911123	455911123	455911123	
