100.000000 25600.000000 9700.000000 1.208605 0.362191 0.846414 -0.715515 0.715515 0.977314
102.000000 26622.000000 9970.121278 1.212458 0.358338 0.854120 -0.723220 0.723220 0.985020
104.000000 27664.000000 10242.470441 1.216201 0.354596 0.861605 -0.730705 0.730705 0.992504
106.000000 28726.000000 10517.025962 1.219838 0.350959 0.868879 -0.737979 0.737979 0.999779
108.000000 29808.000000 10793.766925 1.223374 0.347422 0.875952 -0.745053 0.745053 1.006852
110.000000 30910.000000 11072.672997 1.226815 0.343982 0.882833 -0.751933 0.751933 1.013733
112.000000 32032.000000 11353.724405 1.230163 0.340633 0.889530 -0.758630 0.758630 1.020430
114.000000 33174.000000 11636.901905 1.233423 0.337373 0.896050 -0.765151 0.765151 1.026950
116.000000 34336.000000 11922.186764 1.236599 0.334197 0.902402 -0.771502 0.771502 1.033302
118.000000 35518.000000 12209.560735 1.239694 0.331102 0.908592 -0.777692 0.777692 1.039491
120.000000 36720.000000 12499.006035 1.242711 0.328085 0.914626 -0.783726 0.783726 1.045526
