20.000000 1120.000000 1110.820393 0.789513 0.781283 0.008230 0.089945 -0.089945 0.106405
22.000000 1342.000000 1257.918600 0.817727 0.753069 0.064657 0.033517 -0.033517 0.162832
24.000000 1584.000000 1409.816307 0.843514 0.727283 0.116231 -0.018057 0.018057 0.214406
26.000000 1846.000000 1566.308805 0.867181 0.703616 0.163565 -0.065390 0.065390 0.261740
28.000000 2128.000000 1727.215551 0.888985 0.681811 0.207174 -0.108999 0.108999 0.305349
30.000000 2430.000000 1892.375754 0.909144 0.661652 0.247492 -0.149317 0.149317 0.345667
32.000000 2752.000000 2061.645020 0.927843 0.642953 0.284890 -0.186715 0.186715 0.383065
34.000000 3094.000000 2234.892733 0.945240 0.625557 0.319683 -0.221508 0.221508 0.417858
36.000000 3456.000000 2412.000000 0.961470 0.609326 0.352144 -0.253969 0.253969 0.450318
38.000000 3838.000000 2592.857991 0.976652 0.594145 0.382507 -0.284332 0.284332 0.480682
40.000000 4240.000000 2777.366596 0.990887 0.579910 0.410977 -0.312802 0.312802 0.509152
42.000000 4662.000000 2965.433320 1.004265 0.566532 0.437733 -0.339558 0.339558 0.535908
44.000000 5104.000000 3156.972362 1.016864 0.553933 0.462931 -0.364757 0.364757 0.561106
46.000000 5566.000000 3351.903844 1.028753 0.542043 0.486710 -0.388535 0.388535 0.584884
48.000000 6048.000000 3550.153163 1.039993 0.530803 0.509190 -0.411016 0.411016 0.607365
50.000000 6550.000000 3751.650429 1.050639 0.520158 0.530481 -0.432306 0.432306 0.628656
