500.000000 628000.000000 94852.549156 1.420890 0.149906 1.270984 -1.096451 1.096451 1.445517
502.000000 633022.000000 95400.167232 1.421216 0.149580 1.271636 -1.097103 1.097103 1.446169
504.000000 638064.000000 95948.789532 1.421540 0.149257 1.272283 -1.097750 1.097750 1.446816
506.000000 643126.000000 96498.414063 1.421861 0.148935 1.272927 -1.098394 1.098394 1.447460
508.000000 648208.000000 97049.038842 1.422181 0.148615 1.273566 -1.099033 1.099033 1.448099
510.000000 653310.000000 97600.661898 1.422499 0.148297 1.274202 -1.099669 1.099669 1.448735
512.000000 658432.000000 98153.281272 1.422815 0.147982 1.274833 -1.100300 1.100300 1.449366
514.000000 663574.000000 98706.895016 1.423129 0.147668 1.275461 -1.100928 1.100928 1.449994
516.000000 668736.000000 99261.501193 1.423441 0.147356 1.276085 -1.101552 1.101552 1.450618
518.000000 673918.000000 99817.097878 1.423751 0.147046 1.276705 -1.102172 1.102172 1.451238
520.000000 679120.000000 100373.683158 1.424059 0.146737 1.277322 -1.102789 1.102789 1.451855
522.000000 684342.000000 100931.255128 1.424365 0.146431 1.277934 -1.103402 1.103402 1.452467
524.000000 689584.000000 101489.811898 1.424670 0.146126 1.278544 -1.104011 1.104011 1.453076
526.000000 694846.000000 102049.351586 1.424973 0.145824 1.279149 -1.104616 1.104616 1.453682
528.000000 700128.000000 102609.872321 1.425274 0.145523 1.279751 -1.105218 1.105218 1.454284
530.000000 705430.000000 103171.372244 1.425573 0.145224 1.280349 -1.105816 1.105816 1.454882
532.000000 710752.000000 103733.849505 1.425870 0.144926 1.280944 -1.106411 1.106411 1.455477
534.000000 716094.000000 104297.302266 1.426166 0.144631 1.281535 -1.107002 1.107002 1.456068
536.000000 721456.000000 104861.728698 1.426460 0.144337 1.282123 -1.107590 1.107590 1.456656
538.000000 726838.000000 105427.126983 1.426752 0.144044 1.282707 -1.108175 1.108175 1.457240
540.000000 732240.000000 105993.495313 1.427042 0.143754 1.283289 -1.108756 1.108756 1.457821
